t = 1.840000
x    u(x,t)
0.000000000000000000e+00 0.000000000000000000e+00
1.000000000000000056e-01 4.005590228730634417e-01
2.000000000000000111e-01 8.022944547331350984e-01
3.000000000000000444e-01 1.206376302559242442e+00
4.000000000000000222e-01 1.613961874019285148e+00
5.000000000000000000e-01 2.026189686717426941e+00
6.000000000000000888e-01 2.444173680228978185e+00
7.000000000000000666e-01 2.868997819014912132e+00
8.000000000000000444e-01 3.301711163934520687e+00
9.000000000000000222e-01 3.743323477858112813e+00
1.000000000000000000e+00 4.194801417268267052e+00
1.100000000000000089e+00 4.657065347213277917e+00
1.200000000000000178e+00 5.130986802042553308e+00
1.300000000000000044e+00 5.617386599507990574e+00
1.400000000000000133e+00 6.117033601528648390e+00
1.500000000000000000e+00 6.630644101614084462e+00
1.600000000000000089e+00 7.158881806989449537e+00
1.700000000000000178e+00 7.702358373154805982e+00
1.800000000000000044e+00 8.261634440154280057e+00
1.900000000000000133e+00 8.837221113355056445e+00
2.000000000000000000e+00 9.429581827087654133e+00
2.100000000000000089e+00 1.003913452704416720e+01
2.200000000000000178e+00 1.066625410676711638e+01
2.300000000000000266e+00 1.131127503472634821e+01
2.400000000000000355e+00 1.197449411116481777e+01
2.500000000000000000e+00 1.265617329785338896e+01
2.600000000000000089e+00 1.335654256886624047e+01
2.700000000000000178e+00 1.407580273620141043e+01
2.800000000000000266e+00 1.481412821025947402e+01
2.900000000000000355e+00 1.557166966160538557e+01
3.000000000000000000e+00 1.634855655684618370e+01
3.100000000000000089e+00 1.714489954766025548e+01
3.200000000000000178e+00 1.796079269784542376e+01
3.300000000000000266e+00 1.879631553858010307e+01
3.400000000000000355e+00 1.965153494681549873e+01
3.500000000000000000e+00 2.052650684577077556e+01
3.600000000000000089e+00 2.142127772984870404e+01
3.700000000000000178e+00 2.233588601891408842e+01
3.800000000000000266e+00 2.327036324878648443e+01
3.900000000000000355e+00 2.422473510601331981e+01
4.000000000000000000e+00 2.519902231553970395e+01
4.100000000000000533e+00 2.619324138980972805e+01
4.200000000000000178e+00 2.720740524715534292e+01
4.299999999999999822e+00 2.824152370608113571e+01
4.400000000000000355e+00 2.929560386025869789e+01
4.500000000000000000e+00 3.036965033671464909e+01
4.600000000000000533e+00 3.146366543683291539e+01
4.700000000000000178e+00 3.257764915638432512e+01
4.800000000000000711e+00 3.371159907682552870e+01
4.900000000000000355e+00 3.486551011554615798e+01
5.000000000000000000e+00 3.603937411755484987e+01
5.100000000000000533e+00 3.723317926524754284e+01
5.200000000000000178e+00 3.844690927636797539e+01
5.300000000000000711e+00 3.968054235303140587e+01
5.400000000000000355e+00 4.093404983674372488e+01
5.500000000000000000e+00 4.220739451573869161e+01
5.600000000000000533e+00 4.350052852174474083e+01
5.700000000000000178e+00 4.481339074359760133e+01
5.800000000000000711e+00 4.614590367510756153e+01
5.900000000000000355e+00 4.749796960451071470e+01
6.000000000000000000e+00 4.886946604299755847e+01
6.100000000000000533e+00 5.026024028061093674e+01
6.200000000000000178e+00 5.167010294971705520e+01
6.300000000000000711e+00 5.309882046983361192e+01
6.400000000000000355e+00 5.454610624348129733e+01
6.500000000000000000e+00 5.601161047160441342e+01
6.600000000000000533e+00 5.749490845972221820e+01
6.700000000000000178e+00 5.899548729308629191e+01
6.800000000000000711e+00 6.051273077147581603e+01
6.900000000000000355e+00 6.204590251255856259e+01
7.000000000000000000e+00 6.359412715757790835e+01
7.100000000000000533e+00 6.515636964494832739e+01
7.200000000000000178e+00 6.673141255640531710e+01
7.300000000000000711e+00 6.831783158666586075e+01
7.400000000000000355e+00 6.991396924081368525e+01
7.500000000000000000e+00 7.151790692319505638e+01
7.600000000000000533e+00 7.312743564648108929e+01
7.700000000000000178e+00 7.474002565832441292e+01
7.800000000000000711e+00 7.635279535391498484e+01
7.900000000000000355e+00 7.796247991356354134e+01
8.000000000000000000e+00 7.956540017272290299e+01
8.099999999999999645e+00 8.115743229485150323e+01
8.200000000000001066e+00 8.273397887231828918e+01
8.300000000000000711e+00 8.428994212417784127e+01
8.400000000000000355e+00 8.581969988921839843e+01
8.500000000000000000e+00 8.731708512553453261e+01
8.599999999999999645e+00 8.877536962170151469e+01
8.700000000000001066e+00 9.018725259764431712e+01
8.800000000000000711e+00 9.154485482437189603e+01
8.900000000000000355e+00 9.283971882052694014e+01
9.000000000000000000e+00 9.406281559068030163e+01
9.099999999999999645e+00 9.520455825688780749e+01
9.200000000000001066e+00 9.625482280355437581e+01
9.300000000000000711e+00 9.720297600933135129e+01
9.400000000000000355e+00 9.803791048262011998e+01
9.500000000000000000e+00 9.874808655395266044e+01
9.600000000000001421e+00 9.932158061424841833e+01
9.700000000000001066e+00 9.974613932817274531e+01
9.800000000000000711e+00 1.000092390020759723e+02
9.900000000000000355e+00 1.000981492516087172e+02
1.000000000000000000e+01 1.000000000000000000e+02
