t = 8.540000
x    u(x,t)
0.000000000000000000e+00 0.000000000000000000e+00
1.000000000000000056e-01 1.318299008167147734e+00
2.000000000000000111e-01 2.637109303121652371e+00
3.000000000000000444e-01 3.956941098926129108e+00
4.000000000000000222e-01 5.278302463152646951e+00
5.000000000000000000e-01 6.601698241018296720e+00
6.000000000000000888e-01 7.927628976331763333e+00
7.000000000000000666e-01 9.256589828112034013e+00
8.000000000000000444e-01 1.058906948167679651e+01
9.000000000000000222e-01 1.192554905292037581e+01
1.000000000000000000e+00 1.326650098441066561e+01
1.100000000000000089e+00 1.461238793183256846e+01
1.200000000000000178e+00 1.596366163919367231e+01
1.300000000000000044e+00 1.732076180108838770e+01
1.400000000000000133e+00 1.868411491019099202e+01
1.500000000000000000e+00 2.005413308801880135e+01
1.600000000000000089e+00 2.143121289687608311e+01
1.700000000000000178e+00 2.281573413075931711e+01
1.800000000000000044e+00 2.420805858287901913e+01
1.900000000000000133e+00 2.560852878733333071e+01
2.000000000000000000e+00 2.701746673235831864e+01
2.100000000000000089e+00 2.843517254248177650e+01
2.200000000000000178e+00 2.986192312682321415e+01
2.300000000000000266e+00 3.129797079071730792e+01
2.400000000000000355e+00 3.274354180779211276e+01
2.500000000000000000e+00 3.419883494961139547e+01
2.600000000000000089e+00 3.566401996999393020e+01
2.700000000000000178e+00 3.713923604115462496e+01
2.800000000000000266e+00 3.862459013887566073e+01
2.900000000000000355e+00 4.012015537401134679e+01
3.000000000000000000e+00 4.162596926776206629e+01
3.100000000000000089e+00 4.314203196832099252e+01
3.200000000000000178e+00 4.466830440670378977e+01
3.300000000000000266e+00 4.620470638981868916e+01
3.400000000000000355e+00 4.775111462912153826e+01
3.500000000000000000e+00 4.930736070352973854e+01
3.600000000000000089e+00 5.087322895563958269e+01
3.700000000000000178e+00 5.244845432070443536e+01
3.800000000000000266e+00 5.403272008828485440e+01
3.900000000000000355e+00 5.562565559697558371e+01
4.000000000000000000e+00 5.722683386314766807e+01
4.100000000000000533e+00 5.883576914521409407e+01
4.200000000000000178e+00 6.045191444553279325e+01
4.299999999999999822e+00 6.207465895269839962e+01
4.400000000000000355e+00 6.370332542764047190e+01
4.500000000000000000e+00 6.533716753763917495e+01
4.600000000000000533e+00 6.697536714308294847e+01
4.700000000000000178e+00 6.861703154252393233e+01
4.800000000000000711e+00 7.026119068233104770e+01
4.900000000000000355e+00 7.190679433799093090e+01
5.000000000000000000e+00 7.355270927486016319e+01
5.100000000000000533e+00 7.519771639691937537e+01
5.200000000000000178e+00 7.684050789281852190e+01
5.300000000000000711e+00 7.847968438922279688e+01
5.400000000000000355e+00 8.011375212216648833e+01
5.500000000000000000e+00 8.174112013778865560e+01
5.600000000000000533e+00 8.336009753445500792e+01
5.700000000000000178e+00 8.496889075885641773e+01
5.800000000000000711e+00 8.656560096920949832e+01
5.900000000000000355e+00 8.814822147916299855e+01
6.000000000000000000e+00 8.971463529642724666e+01
6.100000000000000533e+00 9.126261277048719478e+01
6.200000000000000178e+00 9.278980936402713553e+01
6.300000000000000711e+00 9.429376356287970395e+01
6.400000000000000355e+00 9.577189493940980469e+01
6.500000000000000000e+00 9.722150238425004432e+01
6.600000000000000533e+00 9.863976252121429411e+01
6.700000000000000178e+00 1.000237283200265495e+02
6.800000000000000711e+00 1.013703279212107731e+02
6.900000000000000355e+00 1.026763636870915661e+02
7.000000000000000000e+00 1.039385114923548343e+02
7.100000000000000533e+00 1.051533202670109830e+02
7.200000000000000178e+00 1.063172118038911691e+02
7.300000000000000711e+00 1.074264808419924293e+02
7.400000000000000355e+00 1.084772954360702215e+02
7.500000000000000000e+00 1.094656976218631712e+02
7.600000000000000533e+00 1.103876043852256004e+02
7.700000000000000178e+00 1.112388089422478288e+02
7.800000000000000711e+00 1.120149823361641666e+02
7.900000000000000355e+00 1.127116753554936253e+02
8.000000000000000000e+00 1.133243207764364087e+02
8.099999999999999645e+00 1.138482359310669096e+02
8.200000000000001066e+00 1.142786256013322372e+02
8.300000000000000711e+00 1.146105852372934919e+02
8.400000000000000355e+00 1.148391044964454721e+02
8.500000000000000000e+00 1.149590710993298899e+02
8.599999999999999645e+00 1.149652749950306969e+02
8.700000000000001066e+00 1.148524128285164636e+02
8.800000000000000711e+00 1.146150927001881286e+02
8.900000000000000355e+00 1.142478392064117827e+02
9.000000000000000000e+00 1.137450987482780960e+02
9.099999999999999645e+00 1.131012450943421044e+02
9.200000000000001066e+00 1.123105851816752363e+02
9.300000000000000711e+00 1.113673651382112695e+02
9.400000000000000355e+00 1.102657765081042527e+02
9.500000000000000000e+00 1.089999626606483503e+02
9.600000000000001421e+00 1.075640253622442088e+02
9.700000000000001066e+00 1.059520314899469895e+02
9.800000000000000711e+00 1.041580198642993764e+02
9.900000000000000355e+00 1.021760081784514682e+02
1.000000000000000000e+01 1.000000000000000000e+02
