t = 3.100000
x    u(x,t)
0.000000000000000000e+00 0.000000000000000000e+00
1.000000000000000056e-01 5.910398034995757444e-01
2.000000000000000111e-01 1.182985938374683910e+00
3.000000000000000444e-01 1.776741809778399794e+00
4.000000000000000222e-01 2.373204998767526330e+00
5.000000000000000000e-01 2.973264420665772345e+00
6.000000000000000888e-01 3.577797566642019422e+00
7.000000000000000666e-01 4.187667854141896129e+00
8.000000000000000444e-01 4.803722110071165119e+00
9.000000000000000222e-01 5.426788208528122048e+00
1.000000000000000000e+00 6.057672882465152675e+00
1.100000000000000089e+00 6.697159725978491629e+00
1.200000000000000178e+00 7.346007401036553475e+00
1.300000000000000044e+00 8.004948059420499362e+00
1.400000000000000133e+00 8.674685987526608244e+00
1.500000000000000000e+00 9.355896478529245996e+00
1.600000000000000089e+00 1.004922493328430377e+01
1.700000000000000178e+00 1.075528618832107774e+01
1.800000000000000044e+00 1.147466406637645342e+01
1.900000000000000133e+00 1.220791114221294471e+01
2.000000000000000000e+00 1.295554871396974050e+01
2.100000000000000089e+00 1.371806696805307979e+01
2.200000000000000178e+00 1.449592532360043684e+01
2.300000000000000266e+00 1.528955294086624939e+01
2.400000000000000355e+00 1.609934937647901165e+01
2.500000000000000000e+00 1.692568536740803253e+01
2.600000000000000089e+00 1.776890372464110968e+01
2.700000000000000178e+00 1.862932031699381596e+01
2.800000000000000266e+00 1.950722512512208695e+01
2.900000000000000355e+00 2.040288334566189121e+01
3.000000000000000000e+00 2.131653652543857191e+01
3.100000000000000089e+00 2.224840370583591209e+01
3.200000000000000178e+00 2.319868255765055309e+01
3.300000000000000266e+00 2.416755048704056819e+01
3.400000000000000355e+00 2.515516569346572595e+01
3.500000000000000000e+00 2.616166816077301505e+01
3.600000000000000089e+00 2.718718056276568973e+01
3.700000000000000178e+00 2.823180906467489137e+01
3.800000000000000266e+00 2.929564400190010787e+01
3.900000000000000355e+00 3.037876041717447961e+01
4.000000000000000000e+00 3.148121843692670652e+01
4.100000000000000533e+00 3.260306346704222591e+01
4.200000000000000178e+00 3.374432618747023582e+01
4.299999999999999822e+00 3.490502232418658934e+01
4.400000000000000355e+00 3.608515217592024271e+01
4.500000000000000000e+00 3.728469987180812240e+01
4.600000000000000533e+00 3.850363233479384917e+01
4.700000000000000178e+00 3.974189792417449496e+01
4.800000000000000711e+00 4.099942472928005088e+01
4.900000000000000355e+00 4.227611848490778357e+01
5.000000000000000000e+00 4.357186007789928794e+01
5.100000000000000533e+00 4.488650261322569435e+01
5.200000000000000178e+00 4.621986800722412170e+01
5.300000000000000711e+00 4.757174307530215174e+01
5.400000000000000355e+00 4.894187508159719613e+01
5.500000000000000000e+00 5.032996671884770024e+01
5.600000000000000533e+00 5.173567048820546432e+01
5.700000000000000178e+00 5.315858245099523316e+01
5.800000000000000711e+00 5.459823532760461973e+01
5.900000000000000355e+00 5.605409092285002970e+01
6.000000000000000000e+00 5.752553186238986171e+01
6.100000000000000533e+00 5.901185263110041745e+01
6.200000000000000178e+00 6.051224991183357105e+01
6.300000000000000711e+00 6.202581223165201152e+01
6.400000000000000355e+00 6.355150893247487431e+01
6.500000000000000000e+00 6.508817849402183242e+01
6.600000000000000533e+00 6.663451624893806979e+01
6.700000000000000178e+00 6.818906154290490917e+01
6.800000000000000711e+00 6.975018440623941274e+01
6.900000000000000355e+00 7.131607181777282278e+01
7.000000000000000000e+00 7.288471365644782907e+01
7.100000000000000533e+00 7.445388845082428020e+01
7.200000000000000178e+00 7.602114905124173561e+01
7.300000000000000711e+00 7.758380836342932696e+01
7.400000000000000355e+00 7.913892529553677946e+01
7.500000000000000000e+00 8.068329108252432036e+01
7.600000000000000533e+00 8.221341616222626669e+01
7.700000000000000178e+00 8.372551778582739246e+01
7.800000000000000711e+00 8.521550855161105176e+01
7.900000000000000355e+00 8.667898605432223746e+01
8.000000000000000000e+00 8.811122384304063360e+01
8.099999999999999645e+00 8.950716387782705397e+01
8.200000000000001066e+00 9.086141066939390498e+01
8.300000000000000711e+00 9.216822727652461822e+01
8.400000000000000355e+00 9.342153332286906675e+01
8.500000000000000000e+00 9.461490517809134815e+01
8.599999999999999645e+00 9.574157842825087528e+01
8.700000000000001066e+00 9.679445273694604168e+01
8.800000000000000711e+00 9.776609917242424785e+01
8.900000000000000355e+00 9.864877004692708340e+01
9.000000000000000000e+00 9.943441128343759772e+01
9.099999999999999645e+00 1.001146772922469523e+02
9.200000000000001066e+00 1.006809483059353454e+02
9.300000000000000711e+00 1.011243500870975822e+02
9.400000000000000355e+00 1.014357758890933638e+02
9.500000000000000000e+00 1.016059105169516812e+02
9.600000000000001421e+00 1.016252563039828232e+02
9.700000000000001066e+00 1.014841607903182705e+02
9.800000000000000711e+00 1.011728458631318546e+02
9.900000000000000355e+00 1.006814380952761780e+02
1.000000000000000000e+01 1.000000000000000000e+02
