t = 2.100000
x    u(x,t)
0.000000000000000000e+00 0.000000000000000000e+00
1.000000000000000056e-01 4.413409539299054662e-01
2.000000000000000111e-01 8.837830876964932747e-01
3.000000000000000444e-01 1.328422331309540017e+00
4.000000000000000222e-01 1.776344190327117989e+00
5.000000000000000000e-01 2.228618719836782169e+00
6.000000000000000888e-01 2.686295716910490405e+00
7.000000000000000666e-01 3.150400196244883766e+00
8.000000000000000444e-01 3.621928207093093821e+00
9.000000000000000222e-01 4.101843041755325103e+00
1.000000000000000000e+00 4.591071877075339813e+00
1.100000000000000089e+00 5.090502880866618618e+00
1.200000000000000178e+00 5.600982805257931574e+00
1.300000000000000044e+00 6.123315078899033814e+00
1.400000000000000133e+00 6.658258400090386608e+00
1.500000000000000000e+00 7.206525823465047331e+00
1.600000000000000089e+00 7.768784324096955629e+00
1.700000000000000178e+00 8.345654815043060282e+00
1.800000000000000044e+00 8.937712587511812856e+00
1.900000000000000133e+00 9.545488137206648460e+00
2.000000000000000000e+00 1.016946833599416244e+01
2.100000000000000089e+00 1.081009790492030476e+01
2.200000000000000178e+00 1.146778114272821902e+01
2.300000000000000266e+00 1.214288386336394510e+01
2.400000000000000355e+00 1.283573549640101952e+01
2.500000000000000000e+00 1.354663130575538688e+01
2.600000000000000089e+00 1.427583468435891412e+01
2.700000000000000178e+00 1.502357948546020694e+01
2.800000000000000266e+00 1.579007235476452387e+01
2.900000000000000355e+00 1.657549503154785597e+01
3.000000000000000000e+00 1.738000659102605638e+01
3.100000000000000089e+00 1.820374560447889678e+01
3.200000000000000178e+00 1.904683219778423009e+01
3.300000000000000266e+00 1.990936999298883592e+01
3.400000000000000355e+00 2.079144792122374952e+01
3.500000000000000000e+00 2.169314189857828268e+01
3.600000000000000089e+00 2.261451635940642646e+01
3.700000000000000178e+00 2.355562564389946445e+01
3.800000000000000266e+00 2.451651523857965032e+01
3.900000000000000355e+00 2.549722286962353834e+01
4.000000000000000000e+00 2.649777944959452824e+01
4.100000000000000533e+00 2.751820987824089926e+01
4.200000000000000178e+00 2.855853369749577197e+01
4.299999999999999822e+00 2.961876559969619649e+01
4.400000000000000355e+00 3.069891578632350715e+01
4.500000000000000000e+00 3.179899017225722346e+01
4.600000000000000533e+00 3.291899042763409255e+01
4.700000000000000178e+00 3.405891384591711812e+01
4.800000000000000711e+00 3.521875302271471497e+01
4.900000000000000355e+00 3.639849532525876441e+01
5.000000000000000000e+00 3.759812212727442216e+01
5.100000000000000533e+00 3.881760777828333886e+01
5.200000000000000178e+00 4.005691827022477014e+01
5.300000000000000711e+00 4.131600955772189820e+01
5.400000000000000355e+00 4.259482548145630432e+01
5.500000000000000000e+00 4.389329523706621217e+01
5.600000000000000533e+00 4.521133032490901371e+01
5.700000000000000178e+00 4.654882090912592929e+01
5.800000000000000711e+00 4.790563150795279057e+01
5.900000000000000355e+00 4.928159593141953820e+01
6.000000000000000000e+00 5.067651137779957082e+01
6.100000000000000533e+00 5.209013159677343197e+01
6.200000000000000178e+00 5.352215902566444328e+01
6.300000000000000711e+00 5.497223580571493073e+01
6.400000000000000355e+00 5.643993358864594256e+01
6.500000000000000000e+00 5.792474205012722166e+01
6.600000000000000533e+00 5.942605603670186554e+01
6.700000000000000178e+00 6.094316128655042064e+01
6.800000000000000711e+00 6.247521868256183808e+01
6.900000000000000355e+00 6.402124701873599122e+01
7.000000000000000000e+00 6.558010428808748316e+01
7.100000000000000533e+00 6.715046753192162043e+01
7.200000000000000178e+00 6.873081132641237900e+01
7.300000000000000711e+00 7.031938502243690436e+01
7.400000000000000355e+00 7.191418889801646230e+01
7.500000000000000000e+00 7.351294942866975646e+01
7.600000000000000533e+00 7.511309392847084609e+01
7.700000000000000178e+00 7.671172486239184707e+01
7.800000000000000711e+00 7.830559417717591941e+01
7.900000000000000355e+00 7.989107804195967333e+01
8.000000000000000000e+00 8.146415242945927560e+01
8.099999999999999645e+00 8.302037000200971306e+01
8.200000000000001066e+00 8.455483879236783196e+01
8.300000000000000711e+00 8.606220318529960878e+01
8.400000000000000355e+00 8.753662771106493778e+01
8.500000000000000000e+00 8.897178415471607593e+01
8.599999999999999645e+00 9.036084246467032699e+01
8.700000000000001066e+00 9.169646590970526745e+01
8.800000000000000711e+00 9.297081088519468040e+01
8.900000000000000355e+00 9.417553170736390200e+01
9.000000000000000000e+00 9.530179065940703254e+01
9.099999999999999645e+00 9.634027346679813775e+01
9.200000000000001066e+00 9.728121028284979843e+01
9.300000000000000711e+00 9.811440216178991136e+01
9.400000000000000355e+00 9.882925288799188479e+01
9.500000000000000000e+00 9.941480591945739320e+01
9.600000000000001421e+00 9.985978609438249975e+01
9.700000000000001066e+00 1.001526456448826821e+02
9.800000000000000711e+00 1.002816139649328306e+02
9.900000000000000355e+00 1.002347504933515552e+02
1.000000000000000000e+01 1.000000000000000000e+02
