t = 1.980000
x    u(x,t)
0.000000000000000000e+00 0.000000000000000000e+00
1.000000000000000056e-01 4.226394227028619777e-01
2.000000000000000111e-01 8.464129027976099451e-01
3.000000000000000444e-01 1.272448763040922692e+00
4.000000000000000222e-01 1.701863944058660927e+00
5.000000000000000000e-01 2.135758528918949573e+00
6.000000000000000888e-01 2.575210520360701416e+00
7.000000000000000666e-01 3.021270944943755143e+00
8.000000000000000444e-01 3.474959350309740458e+00
9.000000000000000222e-01 3.937259752188857043e+00
1.000000000000000000e+00 4.409117077082320257e+00
1.100000000000000089e+00 4.891434135049712140e+00
1.200000000000000178e+00 5.385069145107541644e+00
1.300000000000000044e+00 5.890833823773129474e+00
1.400000000000000133e+00 6.409492035625206086e+00
1.500000000000000000e+00 6.941758993730342553e+00
1.600000000000000089e+00 7.488300987693528477e+00
1.700000000000000178e+00 8.049735608174092505e+00
1.800000000000000044e+00 8.626632429151314341e+00
1.900000000000000133e+00 9.219514103154439866e+00
2.000000000000000000e+00 9.828857820156667202e+00
2.100000000000000089e+00 1.045509707788025899e+01
2.200000000000000178e+00 1.109862370982489033e+01
2.300000000000000266e+00 1.175979011732033364e+01
2.400000000000000355e+00 1.243891165318389547e+01
2.500000000000000000e+00 1.313626910696838301e+01
2.600000000000000089e+00 1.385211124513073599e+01
2.700000000000000178e+00 1.458665736353581188e+01
2.800000000000000266e+00 1.534009981433080050e+01
2.900000000000000355e+00 1.611260647418382064e+01
3.000000000000000000e+00 1.690432312598766273e+01
3.100000000000000089e+00 1.771537573121345943e+01
3.200000000000000178e+00 1.854587257500753950e+01
3.300000000000000266e+00 1.939590627072867690e+01
3.400000000000000355e+00 2.026555561481575651e+01
3.500000000000000000e+00 2.115488728657654249e+01
3.600000000000000089e+00 2.206395739063547268e+01
3.700000000000000178e+00 2.299281284233240186e+01
3.800000000000000266e+00 2.394149259830156140e+01
3.900000000000000355e+00 2.491002873577007648e+01
4.000000000000000000e+00 2.589844738479981245e+01
4.100000000000000533e+00 2.690676951775958869e+01
4.200000000000000178e+00 2.793501159976931447e+01
4.299999999999999822e+00 2.898318610271115858e+01
4.400000000000000355e+00 3.005130188366605282e+01
4.500000000000000000e+00 3.113936442631073831e+01
4.600000000000000533e+00 3.224737594090289861e+01
4.700000000000000178e+00 3.337533531498660722e+01
4.800000000000000711e+00 3.452323790286285998e+01
4.900000000000000355e+00 3.569107513718395808e+01
5.000000000000000000e+00 3.687883394074319199e+01
5.100000000000000533e+00 3.808649591064652640e+01
5.200000000000000178e+00 3.931403624058639679e+01
5.300000000000000711e+00 4.056142233992206059e+01
5.400000000000000355e+00 4.182861210076440273e+01
5.500000000000000000e+00 4.311555175635311343e+01
5.600000000000000533e+00 4.442217326582697012e+01
5.700000000000000178e+00 4.574839115219471353e+01
5.800000000000000711e+00 4.709409871213419763e+01
5.900000000000000355e+00 4.845916350845807585e+01
6.000000000000000000e+00 4.984342204901905404e+01
6.100000000000000533e+00 5.124667354987741419e+01
6.200000000000000178e+00 5.266867267616763826e+01
6.300000000000000711e+00 5.410912115177455917e+01
6.400000000000000355e+00 5.556765812920103542e+01
6.500000000000000000e+00 5.704384921443710255e+01
6.600000000000000533e+00 5.853717404879075303e+01
6.700000000000000178e+00 6.004701236105798756e+01
6.800000000000000711e+00 6.157262841959143174e+01
6.900000000000000355e+00 6.311315383518741129e+01
7.000000000000000000e+00 6.466756869255326023e+01
7.100000000000000533e+00 6.623468102058484419e+01
7.200000000000000178e+00 6.781310464974261265e+01
7.300000000000000711e+00 6.940123554819891183e+01
7.400000000000000355e+00 7.099722677663258708e+01
7.500000000000000000e+00 7.259896225378773238e+01
7.600000000000000533e+00 7.420402958013173134e+01
7.700000000000000178e+00 7.580969222380178962e+01
7.800000000000000711e+00 7.741286142991150143e+01
7.900000000000000355e+00 7.901006826935899596e+01
8.000000000000000000e+00 8.059743629450272806e+01
8.099999999999999645e+00 8.217065531429088310e+01
8.200000000000001066e+00 8.372495683843582981e+01
8.300000000000000711e+00 8.525509176684096246e+01
8.400000000000000355e+00 8.675531091467716749e+01
8.500000000000000000e+00 8.821934896346733979e+01
8.599999999999999645e+00 8.964041241281313432e+01
8.700000000000001066e+00 9.101117207496555750e+01
8.800000000000000711e+00 9.232376060480414992e+01
8.900000000000000355e+00 9.356977549104664149e+01
9.000000000000000000e+00 9.474028785140028219e+01
9.099999999999999645e+00 9.582585727628932659e+01
9.200000000000001066e+00 9.681655285480142936e+01
9.300000000000000711e+00 9.770198039525637057e+01
9.400000000000000355e+00 9.847131572451412751e+01
9.500000000000000000e+00 9.911334381844736185e+01
9.600000000000001421e+00 9.961650338485306122e+01
9.700000000000001066e+00 9.996893639357432448e+01
9.800000000000000711e+00 1.001585419308431426e+02
9.900000000000000355e+00 1.001730336497625160e+02
1.000000000000000000e+01 1.000000000000000000e+02
