t = 8.560000
x    u(x,t)
0.000000000000000000e+00 0.000000000000000000e+00
1.000000000000000056e-01 1.320809668907246159e+00
2.000000000000000111e-01 2.642129551265265164e+00
3.000000000000000444e-01 3.964468786749462570e+00
4.000000000000000222e-01 5.288334366427084987e+00
5.000000000000000000e-01 6.614230055793302476e+00
6.000000000000000888e-01 7.942655314570197689e+00
7.000000000000000666e-01 9.274104212114872681e+00
8.000000000000000444e-01 1.060906433722030506e+01
9.000000000000000222e-01 1.194801570101610722e+01
1.000000000000000000e+00 1.329142963158728463e+01
1.100000000000000089e+00 1.463976765882888920e+01
1.200000000000000178e+00 1.599348038794440896e+01
1.300000000000000044e+00 1.735300635987831086e+01
1.400000000000000133e+00 1.871877089684951301e+01
1.500000000000000000e+00 2.009118493102571534e+01
1.600000000000000089e+00 2.147064381425035151e+01
1.700000000000000178e+00 2.285752610660651385e+01
1.800000000000000044e+00 2.425219234147954595e+01
1.900000000000000133e+00 2.565498376466257113e+01
2.000000000000000000e+00 2.706622104494199732e+01
2.100000000000000089e+00 2.848620295350462328e+01
2.200000000000000178e+00 2.991520500942649718e+01
2.300000000000000266e+00 3.135347808844143813e+01
2.400000000000000355e+00 3.280124699214356099e+01
2.500000000000000000e+00 3.425870897475902410e+01
2.600000000000000089e+00 3.572603222462827688e+01
2.700000000000000178e+00 3.720335429757435008e+01
2.800000000000000266e+00 3.869078049939845698e+01
2.900000000000000355e+00 4.018838221484165274e+01
3.000000000000000000e+00 4.169619518048477858e+01
3.100000000000000089e+00 4.321421769922876166e+01
3.200000000000000178e+00 4.474240879420521111e+01
3.300000000000000266e+00 4.628068630021537189e+01
3.400000000000000355e+00 4.782892489108325407e+01
3.500000000000000000e+00 4.938695404163847513e+01
3.600000000000000089e+00 5.095455592341478734e+01
3.700000000000000178e+00 5.253146323356269676e+01
3.800000000000000266e+00 5.411735695692728143e+01
3.900000000000000355e+00 5.571186406173503514e+01
4.000000000000000000e+00 5.731455512986460832e+01
4.100000000000000533e+00 5.892494192324499380e+01
4.200000000000000178e+00 6.054247488852674053e+01
4.299999999999999822e+00 6.216654060280661298e+01
4.400000000000000355e+00 6.379645916384893667e+01
4.500000000000000000e+00 6.543148152893584779e+01
4.600000000000000533e+00 6.707078680718801422e+01
4.700000000000000178e+00 6.871347951092380413e+01
4.800000000000000711e+00 7.035858677236366532e+01
4.900000000000000355e+00 7.200505553273160331e+01
5.000000000000000000e+00 7.365174971155217065e+01
5.100000000000000533e+00 7.529744736468369126e+01
5.200000000000000178e+00 7.694083784035943552e+01
5.300000000000000711e+00 7.858051894322304065e+01
5.400000000000000355e+00 8.021499411703476312e+01
5.500000000000000000e+00 8.184266965738585498e+01
5.600000000000000533e+00 8.346185196638116111e+01
5.700000000000000178e+00 8.507074486182982298e+01
5.800000000000000711e+00 8.666744695401207821e+01
5.900000000000000355e+00 8.824994910356194566e+01
6.000000000000000000e+00 8.981613197441308216e+01
6.100000000000000533e+00 9.136376369609173764e+01
6.200000000000000178e+00 9.289049764990357971e+01
6.300000000000000711e+00 9.439387039373995947e+01
6.400000000000000355e+00 9.587129974032251312e+01
6.500000000000000000e+00 9.732008300370756615e+01
6.600000000000000533e+00 9.873739542877724773e+01
6.700000000000000178e+00 1.001202888182536981e+02
6.800000000000000711e+00 1.014656903714776632e+02
6.900000000000000355e+00 1.027704017487967292e+02
7.000000000000000000e+00 1.040310983749076570e+02
7.100000000000000533e+00 1.052443289938897664e+02
7.200000000000000178e+00 1.064065154879581883e+02
7.300000000000000711e+00 1.075139529711509425e+02
7.400000000000000355e+00 1.085628101682513460e+02
7.500000000000000000e+00 1.095491300882375185e+02
7.600000000000000533e+00 1.104688310004465848e+02
7.700000000000000178e+00 1.113177077204511249e+02
7.800000000000000711e+00 1.120914332113731007e+02
7.900000000000000355e+00 1.127855605050130379e+02
8.000000000000000000e+00 1.133955249457583818e+02
8.099999999999999645e+00 1.139166467587621838e+02
8.200000000000001066e+00 1.143441339423618501e+02
8.300000000000000711e+00 1.146730854831451012e+02
8.400000000000000355e+00 1.148984948904811034e+02
8.500000000000000000e+00 1.150152540457243191e+02
8.599999999999999645e+00 1.150181573596846363e+02
8.700000000000001066e+00 1.149019062303442951e+02
8.800000000000000711e+00 1.146611137912088196e+02
8.900000000000000355e+00 1.142903099391112107e+02
9.000000000000000000e+00 1.137839466287625498e+02
9.099999999999999645e+00 1.131364034198662694e+02
9.200000000000001066e+00 1.123419932612016510e+02
9.300000000000000711e+00 1.113949684947432672e+02
9.400000000000000355e+00 1.102895270616293288e+02
9.500000000000000000e+00 1.090198188906323793e+02
9.600000000000001421e+00 1.075799524487302534e+02
9.700000000000001066e+00 1.059640014324323403e+02
9.800000000000000711e+00 1.041660115776918047e+02
9.900000000000000355e+00 1.021800075655380482e+02
1.000000000000000000e+01 1.000000000000000000e+02
