t = 4.600000
x    u(x,t)
0.000000000000000000e+00 0.000000000000000000e+00
1.000000000000000056e-01 8.023099833680473747e-01
2.000000000000000111e-01 1.605363662289866822e+00
3.000000000000000444e-01 2.409903099266572646e+00
4.000000000000000222e-01 3.216667100741140040e+00
5.000000000000000000e-01 4.026389614058887290e+00
6.000000000000000888e-01 4.839798154057500135e+00
7.000000000000000666e-01 5.657612268571297065e+00
8.000000000000000444e-01 6.480542051636479783e+00
9.000000000000000222e-01 7.309286712573036304e+00
1.000000000000000000e+00 8.144533208402156887e+00
1.100000000000000089e+00 8.986954946243695730e+00
1.200000000000000178e+00 9.837210561435822953e+00
1.300000000000000044e+00 1.069594277613863476e+01
1.400000000000000133e+00 1.156377734213570285e+01
1.500000000000000000e+00 1.244132207044361316e+01
1.600000000000000089e+00 1.332916594919056053e+01
1.700000000000000178e+00 1.422787835004205803e+01
1.800000000000000044e+00 1.513800832224653803e+01
1.900000000000000133e+00 1.606008397215564543e+01
2.000000000000000000e+00 1.699461192485463812e+01
2.100000000000000089e+00 1.794207686332636342e+01
2.200000000000000178e+00 1.890294113937673615e+01
2.300000000000000266e+00 1.987764444937894481e+01
2.400000000000000355e+00 2.086660356675437455e+01
2.500000000000000000e+00 2.187021212200771103e+01
2.600000000000000089e+00 2.288884042007665798e+01
2.700000000000000178e+00 2.392283528374920465e+01
2.800000000000000266e+00 2.497251991094698198e+01
2.900000000000000355e+00 2.603819373277598359e+01
3.000000000000000000e+00 2.712013225841028330e+01
3.100000000000000089e+00 2.821858689210224824e+01
3.200000000000000178e+00 2.933378470690941597e+01
3.300000000000000266e+00 3.046592815909562901e+01
3.400000000000000355e+00 3.161519472660746644e+01
3.500000000000000000e+00 3.278173645455066776e+01
3.600000000000000089e+00 3.396567939020034288e+01
3.700000000000000178e+00 3.516712288978008161e+01
3.800000000000000266e+00 3.638613877904530369e+01
3.900000000000000355e+00 3.762277034961393696e+01
4.000000000000000000e+00 3.887703117301241207e+01
4.100000000000000533e+00 4.014890371455738460e+01
4.200000000000000178e+00 4.143833772948579508e+01
4.299999999999999822e+00 4.274524842418928472e+01
4.400000000000000355e+00 4.406951436601864458e+01
4.500000000000000000e+00 4.541097512591294105e+01
4.600000000000000533e+00 4.676942863909105341e+01
4.700000000000000178e+00 4.814462827023390901e+01
4.800000000000000711e+00 4.953627957099976697e+01
4.900000000000000355e+00 5.094403671936256472e+01
5.000000000000000000e+00 5.236749863215881362e+01
5.100000000000000533e+00 5.380620474437935030e+01
5.200000000000000178e+00 5.525963045115780403e+01
5.300000000000000711e+00 5.672718221108997483e+01
5.400000000000000355e+00 5.820819231246930769e+01
5.500000000000000000e+00 5.970191330724039602e+01
5.600000000000000533e+00 6.120751212094477012e+01
5.700000000000000178e+00 6.272406385065031031e+01
5.800000000000000711e+00 6.425054526679694789e+01
5.900000000000000355e+00 6.578582803903310605e+01
6.000000000000000000e+00 6.732867171042929044e+01
6.100000000000000533e+00 6.887771644889940603e+01
6.200000000000000178e+00 7.043147560919557293e+01
6.300000000000000711e+00 7.198832814341754727e+01
6.400000000000000355e+00 7.354651090254000678e+01
6.500000000000000000e+00 7.510411087595018387e+01
6.600000000000000533e+00 7.665905742033798731e+01
6.700000000000000178e+00 7.820911453342611708e+01
6.800000000000000711e+00 7.975187323189246058e+01
6.900000000000000355e+00 8.128474409635251163e+01
7.000000000000000000e+00 8.280495004935897896e+01
7.100000000000000533e+00 8.430951943496503986e+01
7.200000000000000178e+00 8.579527947041924563e+01
7.300000000000000711e+00 8.725885014193995914e+01
7.400000000000000355e+00 8.869663861719780584e+01
7.500000000000000000e+00 9.010483424705621758e+01
7.600000000000000533e+00 9.147940422823481299e+01
7.700000000000000178e+00 9.281608999682927674e+01
7.800000000000000711e+00 9.411040442001525719e+01
7.900000000000000355e+00 9.535762984976733492e+01
8.000000000000000000e+00 9.655281709803179524e+01
8.099999999999999645e+00 9.769078538751503515e+01
8.200000000000001066e+00 9.876612332611320255e+01
8.300000000000000711e+00 9.977319094604918348e+01
8.400000000000000355e+00 1.007061228410580043e+02
8.500000000000000000e+00 1.015588324265351616e+02
8.599999999999999645e+00 1.023250173385209223e+02
8.700000000000001066e+00 1.029981659778277674e+02
8.800000000000000711e+00 1.035715651956385699e+02
8.900000000000000355e+00 1.040383091066252064e+02
9.000000000000000000e+00 1.043913090051867130e+02
9.099999999999999645e+00 1.046233043499195361e+02
9.200000000000001066e+00 1.047268747710407979e+02
9.300000000000000711e+00 1.046944530453359903e+02
9.400000000000000355e+00 1.045183389734291950e+02
9.500000000000000000e+00 1.041907140849168201e+02
9.600000000000001421e+00 1.037036570882971347e+02
9.700000000000001066e+00 1.030491599747917491e+02
9.800000000000000711e+00 1.022191446782059074e+02
9.900000000000000355e+00 1.012054801870166614e+02
1.000000000000000000e+01 1.000000000000000000e+02
