t = 3.250000
x    u(x,t)
0.000000000000000000e+00 0.000000000000000000e+00
1.000000000000000056e-01 6.127552248445087280e-01
2.000000000000000111e-01 1.226395616290551605e+00
3.000000000000000444e-01 1.841803614831502900e+00
4.000000000000000222e-01 2.459856233916250190e+00
5.000000000000000000e-01 3.081422408965619475e+00
6.000000000000000888e-01 3.707360420348994268e+00
7.000000000000000666e-01 4.338515413188837933e+00
8.000000000000000444e-01 4.975717035378904640e+00
9.000000000000000222e-01 5.619777213408648997e+00
1.000000000000000000e+00 6.271488083518731216e+00
1.100000000000000089e+00 6.931620093412552919e+00
1.200000000000000178e+00 7.600920287262223241e+00
1.300000000000000044e+00 8.280110784122889811e+00
1.400000000000000133e+00 8.969887457156515254e+00
1.500000000000000000e+00 9.670918818314904186e+00
1.600000000000000089e+00 1.038384511039053670e+01
1.700000000000000178e+00 1.110927760565838796e+01
1.800000000000000044e+00 1.184779810774506004e+01
1.900000000000000133e+00 1.259995865091062051e+01
2.000000000000000000e+00 1.336628138864627147e+01
2.100000000000000089e+00 1.414725866140334887e+01
2.200000000000000178e+00 1.494335323139591054e+01
2.300000000000000266e+00 1.575499867077354565e+01
2.400000000000000355e+00 1.658259988804843132e+01
2.500000000000000000e+00 1.742653377648114699e+01
2.600000000000000089e+00 1.828714996717530994e+01
2.700000000000000178e+00 1.916477166888918049e+01
2.800000000000000266e+00 2.005969657602389944e+01
2.900000000000000355e+00 2.097219782586979520e+01
3.000000000000000000e+00 2.190252498595731723e+01
3.100000000000000089e+00 2.285090505223711688e+01
3.200000000000000178e+00 2.381754343877322455e+01
3.300000000000000266e+00 2.480262493964056603e+01
3.400000000000000355e+00 2.580631464374081929e+01
3.500000000000000000e+00 2.682875878325738128e+01
3.600000000000000089e+00 2.787008549643074673e+01
3.700000000000000178e+00 2.893040548522453292e+01
3.800000000000000266e+00 3.000981254824667843e+01
3.900000000000000355e+00 3.110838396897255720e+01
4.000000000000000000e+00 3.222618073887657886e+01
4.100000000000000533e+00 3.336324759450943134e+01
4.200000000000000178e+00 3.451961284686336029e+01
4.299999999999999822e+00 3.569528798055613095e+01
4.400000000000000355e+00 3.689026699945428334e+01
4.500000000000000000e+00 3.810452549437483327e+01
4.600000000000000533e+00 3.933801940748487880e+01
4.700000000000000178e+00 4.059068346700642138e+01
4.800000000000000711e+00 4.186242926487928884e+01
4.900000000000000355e+00 4.315314294919891580e+01
5.000000000000000000e+00 4.446268250259600308e+01
5.100000000000000533e+00 4.579087457733314181e+01
5.200000000000000178e+00 4.713751085784186756e+01
5.300000000000000711e+00 4.850234392179270060e+01
5.400000000000000355e+00 4.988508257166702009e+01
5.500000000000000000e+00 5.128538661026954770e+01
5.600000000000000533e+00 5.270286103576621883e+01
5.700000000000000178e+00 5.413704963473519882e+01
5.800000000000000711e+00 5.558742795544963400e+01
5.900000000000000355e+00 5.705339564823233189e+01
6.000000000000000000e+00 5.853426816528440924e+01
6.100000000000000533e+00 6.002926781892276864e+01
6.200000000000000178e+00 6.153751420468171318e+01
6.300000000000000711e+00 6.305801400422977565e+01
6.400000000000000355e+00 6.458965019249313855e+01
6.500000000000000000e+00 6.613117068370000595e+01
6.600000000000000533e+00 6.768117646217453398e+01
6.700000000000000178e+00 6.923810925549818762e+01
6.800000000000000711e+00 7.080023881996461910e+01
6.900000000000000355e+00 7.236564992090471549e+01
7.000000000000000000e+00 7.393222910323768815e+01
7.100000000000000533e+00 7.549765136027522772e+01
7.200000000000000178e+00 7.705936682110937852e+01
7.300000000000000711e+00 7.861458758856581142e+01
7.400000000000000355e+00 8.016027487041311872e+01
7.500000000000000000e+00 8.169312655597869366e+01
7.600000000000000533e+00 8.320956539823050946e+01
7.700000000000000178e+00 8.470572796744653488e+01
7.800000000000000711e+00 8.617745454652538228e+01
7.900000000000000355e+00 8.762028013953843697e+01
8.000000000000000000e+00 8.902942676405932332e+01
8.099999999999999645e+00 9.039979719394605695e+01
8.200000000000001066e+00 9.172597031246212396e+01
8.300000000000000711e+00 9.300219822582427298e+01
8.400000000000000355e+00 9.422240527443864266e+01
8.500000000000000000e+00 9.538018906328569813e+01
8.599999999999999645e+00 9.646882361425474528e+01
8.700000000000001066e+00 9.748126472190070047e+01
8.800000000000000711e+00 9.841015757035964384e+01
8.900000000000000355e+00 9.924784664334231366e+01
9.000000000000000000e+00 9.998638793161535432e+01
9.099999999999999645e+00 1.006175634136242962e+02
9.200000000000001066e+00 1.011328977554016717e+02
9.300000000000000711e+00 1.015236771461648004e+02
9.400000000000000355e+00 1.017809701565965810e+02
9.500000000000000000e+00 1.018956504782778865e+02
9.600000000000001421e+00 1.018584213756684278e+02
9.700000000000001066e+00 1.016598416569539864e+02
9.800000000000000711e+00 1.012903529475088362e+02
9.900000000000000355e+00 1.007403080301299667e+02
1.000000000000000000e+01 1.000000000000000000e+02
