t = 8.170000
x    u(x,t)
0.000000000000000000e+00 0.000000000000000000e+00
1.000000000000000056e-01 1.271659275224199970e+00
2.000000000000000111e-01 2.543849524233102510e+00
3.000000000000000444e-01 3.817100664283710199e+00
4.000000000000000222e-01 5.091940498885842992e+00
5.000000000000000000e-01 6.368893659177695454e+00
6.000000000000000888e-01 7.648480543140728116e+00
7.000000000000000666e-01 8.931216251835166986e+00
8.000000000000000444e-01 1.021760952175458392e+01
9.000000000000000222e-01 1.150816165229659660e+01
1.000000000000000000e+00 1.280336542722811011e+01
1.100000000000000089e+00 1.410370402888935004e+01
1.200000000000000178e+00 1.540964994373265462e+01
1.300000000000000044e+00 1.672166385763264529e+01
1.400000000000000133e+00 1.804019353923493796e+01
1.500000000000000000e+00 1.936567270943497121e+01
1.600000000000000089e+00 2.069851989489839283e+01
1.700000000000000178e+00 2.203913726335289525e+01
1.800000000000000044e+00 2.338790943820203694e+01
1.900000000000000133e+00 2.474520228983661241e+01
2.000000000000000000e+00 2.611136170085215014e+01
2.100000000000000089e+00 2.748671230222620565e+01
2.200000000000000178e+00 2.887155617736765834e+01
2.300000000000000266e+00 3.026617153082806766e+01
2.400000000000000355e+00 3.167081131836328112e+01
2.500000000000000000e+00 3.308570183495697137e+01
2.600000000000000089e+00 3.451104125736897288e+01
2.700000000000000178e+00 3.594699813775314823e+01
2.800000000000000266e+00 3.739370984490635408e+01
2.900000000000000355e+00 3.885128094976220581e+01
3.000000000000000000e+00 4.031978155183651324e+01
3.100000000000000089e+00 4.179924554346517596e+01
3.200000000000000178e+00 4.328966880885385393e+01
3.300000000000000266e+00 4.479100735518279208e+01
3.400000000000000355e+00 4.630317537328107846e+01
3.500000000000000000e+00 4.782604322570508515e+01
3.600000000000000089e+00 4.935943536042403679e+01
3.700000000000000178e+00 5.090312814873451686e+01
3.800000000000000266e+00 5.245684764649358556e+01
3.900000000000000355e+00 5.402026727827596631e+01
4.000000000000000000e+00 5.559300544462579552e+01
4.100000000000000533e+00 5.717462305318316851e+01
4.200000000000000178e+00 5.876462097512046512e+01
4.299999999999999822e+00 6.036243742901913834e+01
4.400000000000000355e+00 6.196744529505124888e+01
4.500000000000000000e+00 6.357894936309913447e+01
4.600000000000000533e+00 6.519618351924538047e+01
4.700000000000000178e+00 6.681830787588933163e+01
4.800000000000000711e+00 6.844440585159192381e+01
4.900000000000000355e+00 7.007348120760970289e+01
5.000000000000000000e+00 7.170445504894675537e+01
5.100000000000000533e+00 7.333616279862353338e+01
5.200000000000000178e+00 7.496735115472586131e+01
5.300000000000000711e+00 7.659667504064947252e+01
5.400000000000000355e+00 7.822269455978826613e+01
5.500000000000000000e+00 7.984387196671740128e+01
5.600000000000000533e+00 8.145856866769189253e+01
5.700000000000000178e+00 8.306504226400446100e+01
5.800000000000000711e+00 8.466144365241905234e+01
5.900000000000000355e+00 8.624581419750762734e+01
6.000000000000000000e+00 8.781608299126149575e+01
6.100000000000000533e+00 8.937006421581547499e+01
6.200000000000000178e+00 9.090545462550755929e+01
6.300000000000000711e+00 9.241983116478999705e+01
6.400000000000000355e+00 9.391064873870344343e+01
6.500000000000000000e+00 9.537523815271975991e+01
6.600000000000000533e+00 9.681080423874291796e+01
6.700000000000000178e+00 9.821442418392938123e+01
6.800000000000000711e+00 9.958304607874254089e+01
6.900000000000000355e+00 1.009134877002909718e+02
7.000000000000000000e+00 1.022024355465108272e+02
7.100000000000000533e+00 1.034464441361424036e+02
7.200000000000000178e+00 1.046419355887146310e+02
7.300000000000000711e+00 1.057851994978954622e+02
7.400000000000000355e+00 1.068723931105867848e+02
7.500000000000000000e+00 1.078995418230498871e+02
7.600000000000000533e+00 1.088625400041387365e+02
7.700000000000000178e+00 1.097571521544057020e+02
7.800000000000000711e+00 1.105790144084283213e+02
7.900000000000000355e+00 1.113236363861995812e+02
8.000000000000000000e+00 1.119864033978322198e+02
8.099999999999999645e+00 1.125625790041624015e+02
8.200000000000001066e+00 1.130473079341087299e+02
8.300000000000000711e+00 1.134356193578617535e+02
8.400000000000000355e+00 1.137224305131574624e+02
8.500000000000000000e+00 1.139025506800401217e+02
8.599999999999999645e+00 1.139706854976582804e+02
8.700000000000001066e+00 1.139214416147759010e+02
8.800000000000000711e+00 1.137493316638323790e+02
8.900000000000000355e+00 1.134487795465668398e+02
9.000000000000000000e+00 1.130141260174448519e+02
9.099999999999999645e+00 1.124396345494059091e+02
9.200000000000001066e+00 1.117194974648008099e+02
9.300000000000000711e+00 1.108478423128224790e+02
9.400000000000000355e+00 1.098187384732651140e+02
9.500000000000000000e+00 1.086262039650863187e+02
9.600000000000001421e+00 1.072642124370082399e+02
9.700000000000001066e+00 1.057267003162850756e+02
9.800000000000000711e+00 1.040075740907944066e+02
9.900000000000000355e+00 1.021007176987915415e+02
1.000000000000000000e+01 1.000000000000000000e+02
