t = 9.660000
x    u(x,t)
0.000000000000000000e+00 0.000000000000000000e+00
1.000000000000000056e-01 1.457207492308783214e+00
2.000000000000000111e-01 2.914864169315993792e+00
3.000000000000000444e-01 4.373418065342459471e+00
4.000000000000000222e-01 5.833314912328309454e+00
5.000000000000000000e-01 7.294996984573663745e+00
6.000000000000000888e-01 8.758901938582038582e+00
7.000000000000000666e-01 1.022546164635040356e+01
8.000000000000000444e-01 1.169510102043040867e+01
9.000000000000000222e-01 1.316823682906222359e+01
1.000000000000000000e+00 1.464527649965659428e+01
1.100000000000000089e+00 1.612661690887269827e+01
1.200000000000000178e+00 1.761264315751034459e+01
1.300000000000000044e+00 1.910372732840654209e+01
1.400000000000000133e+00 2.060022722549866003e+01
1.500000000000000000e+00 2.210248509219223934e+01
1.600000000000000089e+00 2.361082630715084463e+01
1.700000000000000178e+00 2.512555805561059330e+01
1.800000000000000044e+00 2.664696797431481201e+01
1.900000000000000133e+00 2.817532276816523762e+01
2.000000000000000000e+00 2.971086679669828001e+01
2.100000000000000089e+00 3.125382062851886644e+01
2.200000000000000178e+00 3.280437956186145954e+01
2.300000000000000266e+00 3.436271210950120292e+01
2.400000000000000355e+00 3.592895844630726288e+01
2.500000000000000000e+00 3.750322881781817586e+01
2.600000000000000089e+00 3.908560190832643144e+01
2.700000000000000178e+00 4.067612316708713394e+01
2.800000000000000266e+00 4.227480309141597559e+01
2.900000000000000355e+00 4.388161546561359216e+01
3.000000000000000000e+00 4.549649555485039798e+01
3.100000000000000089e+00 4.711933825336596726e+01
3.200000000000000178e+00 4.874999618658228684e+01
3.300000000000000266e+00 5.038827776700051686e+01
3.400000000000000355e+00 5.203394520404475543e+01
3.500000000000000000e+00 5.368671246833668675e+01
3.600000000000000089e+00 5.534624321122721113e+01
3.700000000000000178e+00 5.701214864077857669e+01
3.800000000000000266e+00 5.868398535577882313e+01
3.900000000000000355e+00 6.036125313977991169e+01
4.000000000000000000e+00 6.204339271757993401e+01
4.100000000000000533e+00 6.372978347701614155e+01
4.200000000000000178e+00 6.541974115939727596e+01
4.299999999999999822e+00 6.711251552237803253e+01
4.400000000000000355e+00 6.880728797956335541e+01
4.500000000000000000e+00 7.050316922162265598e+01
4.600000000000000533e+00 7.219919682419048002e+01
4.700000000000000178e+00 7.389433284832709603e+01
4.800000000000000711e+00 7.558746143980759769e+01
4.900000000000000355e+00 7.727738643399629836e+01
5.000000000000000000e+00 7.896282897354141994e+01
5.100000000000000533e+00 8.064242514658822358e+01
5.200000000000000178e+00 8.231472365365542032e+01
5.300000000000000711e+00 8.397818351174170459e+01
5.400000000000000355e+00 8.563117180462592160e+01
5.500000000000000000e+00 8.727196148868979719e+01
5.600000000000000533e+00 8.889872926392298780e+01
5.700000000000000178e+00 9.050955352006064913e+01
5.800000000000000711e+00 9.210241236805310905e+01
5.900000000000000355e+00 9.367518176726782997e+01
6.000000000000000000e+00 9.522563375897551907e+01
6.100000000000000533e+00 9.675143481676902013e+01
6.200000000000000178e+00 9.825014432460420721e+01
6.300000000000000711e+00 9.971921319313298682e+01
6.400000000000000355e+00 1.011559826249166605e+02
6.500000000000000000e+00 1.025576830389626224e+02
6.600000000000000533e+00 1.039214331648158236e+02
6.700000000000000178e+00 1.052442393161585130e+02
6.800000000000000711e+00 1.065229948535248496e+02
6.900000000000000355e+00 1.077544798453239707e+02
7.000000000000000000e+00 1.089353609358822865e+02
7.100000000000000533e+00 1.100621914286679868e+02
7.200000000000000178e+00 1.111314115922464083e+02
7.300000000000000711e+00 1.121393491958366013e+02
7.400000000000000355e+00 1.130822202806007226e+02
7.500000000000000000e+00 1.139561301720003144e+02
7.600000000000000533e+00 1.147570747377011884e+02
7.700000000000000178e+00 1.154809418946053654e+02
7.800000000000000711e+00 1.161235133676390205e+02
7.900000000000000355e+00 1.166804667019347619e+02
8.000000000000000000e+00 1.171473775290185131e+02
8.099999999999999645e+00 1.175197220865552623e+02
8.200000000000001066e+00 1.177928799901253285e+02
8.300000000000000711e+00 1.179621372544046807e+02
8.400000000000000355e+00 1.180226895600119263e+02
8.500000000000000000e+00 1.179696457611711793e+02
8.599999999999999645e+00 1.177980316282290403e+02
8.700000000000001066e+00 1.175027938179632656e+02
8.800000000000000711e+00 1.170788040635380298e+02
8.900000000000000355e+00 1.165208635749027337e+02
9.000000000000000000e+00 1.158237076394052565e+02
9.099999999999999645e+00 1.149820104114040191e+02
9.200000000000001066e+00 1.139903898787223966e+02
9.300000000000000711e+00 1.128434129929009799e+02
9.400000000000000355e+00 1.115356009493736735e+02
9.500000000000000000e+00 1.100614346029291966e+02
9.600000000000001421e+00 1.084153600031252722e+02
9.700000000000001066e+00 1.065917940337042040e+02
9.800000000000000711e+00 1.045851301395184692e+02
9.900000000000000355e+00 1.023897441240202824e+02
1.000000000000000000e+01 1.000000000000000000e+02
