t = 9.740000
x    u(x,t)
0.000000000000000000e+00 0.000000000000000000e+00
1.000000000000000056e-01 1.466994624865511021e+00
2.000000000000000111e-01 2.934433819312041614e+00
3.000000000000000444e-01 4.402760995999312144e+00
4.000000000000000222e-01 5.872417252099313423e+00
5.000000000000000000e-01 7.343840207435009759e+00
6.000000000000000888e-01 8.817462837665342335e+00
7.000000000000000666e-01 1.029371230084449884e+01
8.000000000000000444e-01 1.177300875566648486e+01
9.000000000000000222e-01 1.325576416968589299e+01
1.000000000000000000e+00 1.474238111578349653e+01
1.100000000000000089e+00 1.623325155512124596e+01
1.200000000000000178e+00 1.772875560480679624e+01
1.300000000000000044e+00 1.922926028846393010e+01
1.400000000000000133e+00 2.073511826788298151e+01
1.500000000000000000e+00 2.224666655390648629e+01
1.600000000000000089e+00 2.376422519469080896e+01
1.700000000000000178e+00 2.528809593947562462e+01
1.800000000000000044e+00 2.681856087599217986e+01
1.900000000000000133e+00 2.835588103964868267e+01
2.000000000000000000e+00 2.990029499264938906e+01
2.100000000000000089e+00 3.145201737123425545e+01
2.200000000000000178e+00 3.301123739926924827e+01
2.300000000000000266e+00 3.457811736647661149e+01
2.400000000000000355e+00 3.615279106966900713e+01
2.500000000000000000e+00 3.773536221544462421e+01
2.600000000000000089e+00 3.932590278291232977e+01
2.700000000000000178e+00 4.092445134514797900e+01
2.800000000000000266e+00 4.253101134823698715e+01
2.900000000000000355e+00 4.414554934693327226e+01
3.000000000000000000e+00 4.576799319616370809e+01
3.100000000000000089e+00 4.739823019782915736e+01
3.200000000000000178e+00 4.903610520259873340e+01
3.300000000000000266e+00 5.068141866666414330e+01
3.400000000000000355e+00 5.233392466371380891e+01
3.500000000000000000e+00 5.399332885270437288e+01
3.600000000000000089e+00 5.565928640234670155e+01
3.700000000000000178e+00 5.733139987358619294e+01
3.800000000000000266e+00 5.900921706174067793e+01
3.900000000000000355e+00 6.069222880036218726e+01
4.000000000000000000e+00 6.237986672931046428e+01
4.100000000000000533e+00 6.407150102996401131e+01
4.200000000000000178e+00 6.576643813094679558e+01
4.299999999999999822e+00 6.746391838821244846e+01
4.400000000000000355e+00 6.916311374380116206e+01
4.500000000000000000e+00 7.086312536806475748e+01
4.600000000000000533e+00 7.256298129063810620e+01
4.700000000000000178e+00 7.426163402591861029e+01
4.800000000000000711e+00 7.595795819929567472e+01
4.900000000000000355e+00 7.765074818084448793e+01
5.000000000000000000e+00 7.933871573366191399e+01
5.100000000000000533e+00 8.102048768446869076e+01
5.200000000000000178e+00 8.269460362453212099e+01
5.300000000000000711e+00 8.435951364937002950e+01
5.400000000000000355e+00 8.601357614607583457e+01
5.500000000000000000e+00 8.765505563745477957e+01
5.600000000000000533e+00 8.928212069247504701e+01
5.700000000000000178e+00 9.089284191281386427e+01
5.800000000000000711e+00 9.248519000551178237e+01
5.900000000000000355e+00 9.405703395193607719e+01
6.000000000000000000e+00 9.560613928339188305e+01
6.100000000000000533e+00 9.713016647380473501e+01
6.200000000000000178e+00 9.862666945992822320e+01
6.300000000000000711e+00 1.000930942995011321e+02
6.400000000000000355e+00 1.015267779776893775e+02
6.500000000000000000e+00 1.029249473719963106e+02
6.600000000000000533e+00 1.042847183856082296e+02
6.700000000000000178e+00 1.056030952588625240e+02
6.800000000000000711e+00 1.068769700681765187e+02
6.900000000000000355e+00 1.081031224213647590e+02
7.000000000000000000e+00 1.092782193577922953e+02
7.100000000000000533e+00 1.103988154612690096e+02
7.200000000000000178e+00 1.114613531929832106e+02
7.300000000000000711e+00 1.124621634511046011e+02
7.400000000000000355e+00 1.133974663629588235e+02
7.500000000000000000e+00 1.142633723148926350e+02
7.600000000000000533e+00 1.150558832241118807e+02
7.700000000000000178e+00 1.157708940558893573e+02
7.800000000000000711e+00 1.164041945886089735e+02
7.900000000000000355e+00 1.169514714281438330e+02
8.000000000000000000e+00 1.174083102720602909e+02
8.099999999999999645e+00 1.177701984231083827e+02
8.200000000000001066e+00 1.180325275504019089e+02
8.300000000000000711e+00 1.181905966956197744e+02
8.400000000000000355e+00 1.182396155204765620e+02
8.500000000000000000e+00 1.181747077906250780e+02
8.599999999999999645e+00 1.179909150900708852e+02
8.700000000000001066e+00 1.176832007591069953e+02
8.800000000000000711e+00 1.172464540477224375e+02
8.900000000000000355e+00 1.166754944754090104e+02
9.000000000000000000e+00 1.159650763872916883e+02
9.099999999999999645e+00 1.151098936955494452e+02
9.200000000000001066e+00 1.141045847941773133e+02
9.300000000000000711e+00 1.129437376342778805e+02
9.400000000000000355e+00 1.116218949462633390e+02
9.500000000000000000e+00 1.101335595946074335e+02
9.600000000000001421e+00 1.084732000501109752e+02
9.700000000000001066e+00 1.066352559640442621e+02
9.800000000000000711e+00 1.046141438280045577e+02
9.900000000000000355e+00 1.024042627028860295e+02
1.000000000000000000e+01 1.000000000000000000e+02
