t = 9.640000
x    u(x,t)
0.000000000000000000e+00 0.000000000000000000e+00
1.000000000000000056e-01 1.454757828466831215e+00
2.000000000000000111e-01 2.909965991332986945e+00
3.000000000000000444e-01 4.366073674243487801e+00
4.000000000000000222e-01 5.823527763714550609e+00
5.000000000000000000e-01 7.282771693513307554e+00
6.000000000000000888e-01 8.744244286155526069e+00
7.000000000000000666e-01 1.020837858786958563e+01
8.000000000000000444e-01 1.167560069535496581e+01
9.000000000000000222e-01 1.314632857263972632e+01
1.000000000000000000e+00 1.462097085631452664e+01
1.100000000000000089e+00 1.609992564739191323e+01
1.200000000000000178e+00 1.758357928800925762e+01
1.300000000000000044e+00 1.907230512116398913e+01
1.400000000000000133e+00 2.056646223164064580e+01
1.500000000000000000e+00 2.206639416626360273e+01
1.600000000000000089e+00 2.357242763158722454e+01
1.700000000000000178e+00 2.508487116711881271e+01
1.800000000000000044e+00 2.660401379216099116e+01
1.900000000000000133e+00 2.813012362435944880e+01
2.000000000000000000e+00 2.966344646805261220e+01
2.100000000000000089e+00 3.120420437054189833e+01
2.200000000000000178e+00 3.275259414443704742e+01
2.300000000000000266e+00 3.430878585428268934e+01
2.400000000000000355e+00 3.587292126573988327e+01
2.500000000000000000e+00 3.744511225568314927e+01
2.600000000000000089e+00 3.902543918167901182e+01
2.700000000000000178e+00 4.061394920943941145e+01
2.800000000000000266e+00 4.221065459699197930e+01
2.900000000000000355e+00 4.381553093448076197e+01
3.000000000000000000e+00 4.542851533870707215e+01
3.100000000000000089e+00 4.704950460173991189e+01
3.200000000000000178e+00 4.867835329317030357e+01
3.300000000000000266e+00 5.031487181585419677e+01
3.400000000000000355e+00 5.195882441528302564e+01
3.500000000000000000e+00 5.360992714304138218e+01
3.600000000000000089e+00 5.526784577515484642e+01
3.700000000000000178e+00 5.693219368649888423e+01
3.800000000000000266e+00 5.860252968282998864e+01
3.900000000000000355e+00 6.027835579241062192e+01
4.000000000000000000e+00 6.195911501963120571e+01
4.100000000000000533e+00 6.364418906348012683e+01
4.200000000000000178e+00 6.533289600417739962e+01
4.299999999999999822e+00 6.702448796176457790e+01
4.400000000000000355e+00 6.871814873093074993e+01
4.500000000000000000e+00 7.041299139685077080e+01
4.600000000000000533e+00 7.210805593731113561e+01
4.700000000000000178e+00 7.380230681689943140e+01
4.800000000000000711e+00 7.549463057953242640e+01
4.900000000000000355e+00 7.718383344608973573e+01
5.000000000000000000e+00 7.886863892440210577e+01
5.100000000000000533e+00 8.054768543931112390e+01
5.200000000000000178e+00 8.221952399096728925e+01
5.300000000000000711e+00 8.388261584996001829e+01
5.400000000000000355e+00 8.553533029827443102e+01
5.500000000000000000e+00 8.717594242543833616e+01
5.600000000000000533e+00 8.880263098955843759e+01
5.700000000000000178e+00 9.041347635323951692e+01
5.800000000000000711e+00 9.200645850463233444e+01
5.900000000000000355e+00 9.357945517406167824e+01
6.000000000000000000e+00 9.513024005683983830e+01
6.100000000000000533e+00 9.665648115297136655e+01
6.200000000000000178e+00 9.815573923449819915e+01
6.300000000000000711e+00 9.962546645121743438e+01
6.400000000000000355e+00 1.010630050854242512e+02
6.500000000000000000e+00 1.024655864661892224e+02
6.600000000000000533e+00 1.038303300534681597e+02
6.700000000000000178e+00 1.051542427020665400e+02
6.800000000000000711e+00 1.064342181151328077e+02
6.900000000000000355e+00 1.076670364964421083e+02
7.000000000000000000e+00 1.088493644102485973e+02
7.100000000000000533e+00 1.099777548569347800e+02
7.200000000000000178e+00 1.110486475720706920e+02
7.300000000000000711e+00 1.120583695558145507e+02
7.400000000000000355e+00 1.130031358388453100e+02
7.500000000000000000e+00 1.138790504902159313e+02
7.600000000000000533e+00 1.146821078716602358e+02
7.700000000000000178e+00 1.154081941419787540e+02
7.800000000000000711e+00 1.160530890141734517e+02
7.900000000000000355e+00 1.166124677670065779e+02
8.000000000000000000e+00 1.170819035116238069e+02
8.099999999999999645e+00 1.174568697128204064e+02
8.200000000000001066e+00 1.177327429634398612e+02
8.300000000000000711e+00 1.179048060092895014e+02
8.400000000000000355e+00 1.179682510208398298e+02
8.500000000000000000e+00 1.179181831068534052e+02
8.599999999999999645e+00 1.177496240639716092e+02
8.700000000000001066e+00 1.174575163551786687e+02
8.800000000000000711e+00 1.170367273089736102e+02
8.900000000000000355e+00 1.164820535300142126e+02
9.000000000000000000e+00 1.157882255109652334e+02
9.099999999999999645e+00 1.149499124342888763e+02
9.200000000000001066e+00 1.139617271517682724e+02
9.300000000000000711e+00 1.128182313286608434e+02
9.400000000000000355e+00 1.115139407385419332e+02
9.500000000000000000e+00 1.100433306941305602e+02
9.600000000000001421e+00 1.084008415986885012e+02
9.700000000000001066e+00 1.065808846019617420e+02
9.800000000000000711e+00 1.045778473440886813e+02
9.900000000000000355e+00 1.023860997704421862e+02
1.000000000000000000e+01 1.000000000000000000e+02
