t = 2.720000
x    u(x,t)
0.000000000000000000e+00 0.000000000000000000e+00
1.000000000000000056e-01 5.352618000453088776e-01
2.000000000000000111e-01 1.071491174061643514e+00
3.000000000000000444e-01 1.609652135505571513e+00
4.000000000000000222e-01 2.150701616153552376e+00
5.000000000000000000e-01 2.695586022907692225e+00
6.000000000000000888e-01 3.245237909761840012e+00
7.000000000000000666e-01 3.800572800012636865e+00
8.000000000000000444e-01 4.362486191078924769e+00
9.000000000000000222e-01 4.931850771023582602e+00
1.000000000000000000e+00 5.509513872136107437e+00
1.100000000000000089e+00 6.096295182823936010e+00
1.200000000000000178e+00 6.692984734674618963e+00
1.300000000000000044e+00 7.300341176993000225e+00
1.400000000000000133e+00 7.919090346491440613e+00
1.500000000000000000e+00 8.549924135219246324e+00
1.600000000000000089e+00 9.193499655356758282e+00
1.700000000000000178e+00 9.850438695259125410e+00
1.800000000000000044e+00 1.052132745719437601e+01
1.900000000000000133e+00 1.120671656364664415e+01
2.000000000000000000e+00 1.190712131590270673e+01
2.100000000000000089e+00 1.262302218594783199e+01
2.200000000000000178e+00 1.335486552048949882e+01
2.300000000000000266e+00 1.410306443421590750e+01
2.400000000000000355e+00 1.486799986817471897e+01
2.500000000000000000e+00 1.565002178840975766e+01
2.600000000000000089e+00 1.644945049968837125e+01
2.700000000000000178e+00 1.726657804925015327e+01
2.800000000000000266e+00 1.810166969595859143e+01
2.900000000000000355e+00 1.895496542098404191e+01
3.000000000000000000e+00 1.982668145712777630e+01
3.100000000000000089e+00 2.071701181504625922e+01
3.200000000000000178e+00 2.162612978588589030e+01
3.300000000000000266e+00 2.255418940112342696e+01
3.400000000000000355e+00 2.350132683166099312e+01
3.500000000000000000e+00 2.446766170938466445e+01
3.600000000000000089e+00 2.545329835540329810e+01
3.700000000000000178e+00 2.645832689998739795e+01
3.800000000000000266e+00 2.748282427977956388e+01
3.900000000000000355e+00 2.852685509810798337e+01
4.000000000000000000e+00 2.959047233417257061e+01
4.100000000000000533e+00 3.067371788646423170e+01
4.200000000000000178e+00 3.177662293500844015e+01
4.299999999999999822e+00 3.289920810588868960e+01
4.400000000000000355e+00 3.404148342000877392e+01
4.500000000000000000e+00 3.520344800621200676e+01
4.600000000000000533e+00 3.638508955671505163e+01
4.700000000000000178e+00 3.758638350037553977e+01
4.800000000000000711e+00 3.880729186664567010e+01
4.900000000000000355e+00 4.004776181023362369e+01
5.000000000000000000e+00 4.130772376357968056e+01
5.100000000000000533e+00 4.258708918134491483e+01
5.200000000000000178e+00 4.388574783831553816e+01
5.300000000000000711e+00 4.520356463956274240e+01
5.400000000000000355e+00 4.654037589950106479e+01
5.500000000000000000e+00 4.789598504480211005e+01
5.600000000000000533e+00 4.927015769509863929e+01
5.700000000000000178e+00 5.066261607522153554e+01
5.800000000000000711e+00 5.207303271351340612e+01
5.900000000000000355e+00 5.350102338272655089e+01
6.000000000000000000e+00 5.494613924330288768e+01
6.100000000000000533e+00 5.640785815360162303e+01
6.200000000000000178e+00 5.788557511802566324e+01
6.300000000000000711e+00 5.937859185211374324e+01
6.400000000000000355e+00 6.088610545359710358e+01
6.500000000000000000e+00 6.240719618021638837e+01
6.600000000000000533e+00 6.394081434875738523e+01
6.700000000000000178e+00 6.548576638524852456e+01
6.800000000000000711e+00 6.704070007346149396e+01
6.900000000000000355e+00 6.860408906760319780e+01
7.000000000000000000e+00 7.017421675514972890e+01
7.100000000000000533e+00 7.174915957684982004e+01
7.200000000000000178e+00 7.332676993264942666e+01
7.300000000000000711e+00 7.490465882422806487e+01
7.400000000000000355e+00 7.648017840649941945e+01
7.500000000000000000e+00 7.805040464127247901e+01
7.600000000000000533e+00 7.961212026570963474e+01
7.700000000000000178e+00 8.116179830564827569e+01
7.800000000000000711e+00 8.269558637864896866e+01
7.900000000000000355e+00 8.420929204318517236e+01
8.000000000000000000e+00 8.569836945811044870e+01
8.099999999999999645e+00 8.715790761988859003e+01
8.200000000000001066e+00 8.858262044358366438e+01
8.300000000000000711e+00 8.996683894689721228e+01
8.400000000000000355e+00 9.130450578433990927e+01
8.500000000000000000e+00 9.258917236078568180e+01
8.599999999999999645e+00 9.381399873017828384e+01
8.700000000000001066e+00 9.497175645618125372e+01
8.800000000000000711e+00 9.605483457739057940e+01
8.900000000000000355e+00 9.705524878082171369e+01
9.000000000000000000e+00 9.796465384435177270e+01
9.099999999999999645e+00 9.877435936240435410e+01
9.200000000000001066e+00 9.947534872028850828e+01
9.300000000000000711e+00 1.000583012322444603e+02
9.400000000000000355e+00 1.005136173074776025e+02
9.500000000000000000e+00 1.008314464584140779e+02
9.600000000000001421e+00 1.010017179172354247e+02
9.700000000000001066e+00 1.010141735815883806e+02
9.800000000000000711e+00 1.008584029693112427e+02
9.900000000000000355e+00 1.005238798260842543e+02
1.000000000000000000e+01 1.000000000000000000e+02
