t = 9.190000
x    u(x,t)
0.000000000000000000e+00 0.000000000000000000e+00
1.000000000000000056e-01 1.399339625986284918e+00
2.000000000000000111e-01 2.799155037978920291e+00
3.000000000000000444e-01 4.199920908018198062e+00
4.000000000000000222e-01 5.602109678756256095e+00
5.000000000000000000e-01 7.006190445113564813e+00
6.000000000000000888e-01 8.412627831530059552e+00
7.000000000000000666e-01 9.821880863299737641e+00
8.000000000000000444e-01 1.123440183044203167e+01
9.000000000000000222e-01 1.265063514252022436e+01
1.000000000000000000e+00 1.407101617276789796e+01
1.100000000000000089e+00 1.549597008982940238e+01
1.200000000000000178e+00 1.692591067536144323e+01
1.300000000000000044e+00 1.836123912568112004e+01
1.400000000000000133e+00 1.980234283558286634e+01
1.500000000000000000e+00 2.124959416238450416e+01
1.600000000000000089e+00 2.270334916820250015e+01
1.700000000000000178e+00 2.416394633840058148e+01
1.800000000000000044e+00 2.563170527410640176e+01
1.900000000000000133e+00 2.710692535664918879e+01
2.000000000000000000e+00 2.858988438173994595e+01
2.100000000000000089e+00 3.008083716119712747e+01
2.200000000000000178e+00 3.158001409001549931e+01
2.300000000000000266e+00 3.308761967658813319e+01
2.400000000000000355e+00 3.460383103392124582e+01
2.500000000000000000e+00 3.612879632973236710e+01
2.600000000000000089e+00 3.766263319339476823e+01
2.700000000000000178e+00 3.920542707778778890e+01
2.800000000000000266e+00 4.075722957423484871e+01
2.900000000000000355e+00 4.231805667885946320e+01
3.000000000000000000e+00 4.388788700886725991e+01
3.100000000000000089e+00 4.546665996746789062e+01
3.200000000000000178e+00 4.705427385638713389e+01
3.300000000000000266e+00 4.865058393518675928e+01
3.400000000000000355e+00 5.025540042690683151e+01
3.500000000000000000e+00 5.186848646987441924e+01
3.600000000000000089e+00 5.348955601588181707e+01
3.700000000000000178e+00 5.511827167532653249e+01
3.800000000000000266e+00 5.675424251032489309e+01
3.900000000000000355e+00 5.839702177725643395e+01
4.000000000000000000e+00 6.004610462067017806e+01
4.100000000000000533e+00 6.170092572098096184e+01
4.200000000000000178e+00 6.336085689890455086e+01
4.299999999999999822e+00 6.502520468011914545e+01
4.400000000000000355e+00 6.669320782419755744e+01
4.500000000000000000e+00 6.836403482242513974e+01
4.600000000000000533e+00 7.003678136969813295e+01
4.700000000000000178e+00 7.171046781628417932e+01
4.800000000000000711e+00 7.338403660581570875e+01
4.900000000000000355e+00 7.505634970647375326e+01
5.000000000000000000e+00 7.672618604290043720e+01
5.100000000000000533e+00 7.839223893694692435e+01
5.200000000000000178e+00 8.005311356591703031e+01
5.300000000000000711e+00 8.170732444749847900e+01
5.400000000000000355e+00 8.335329296107815367e+01
5.500000000000000000e+00 8.498934491561351479e+01
5.600000000000000533e+00 8.661370817466759320e+01
5.700000000000000178e+00 8.822451034961289906e+01
5.800000000000000711e+00 8.981977657235702850e+01
5.900000000000000355e+00 9.139742735924167505e+01
6.000000000000000000e+00 9.295527657800771237e+01
6.100000000000000533e+00 9.449102952990037352e+01
6.200000000000000178e+00 9.600228115910518056e+01
6.300000000000000711e+00 9.748651440175349592e+01
6.400000000000000355e+00 9.894109868671291963e+01
6.500000000000000000e+00 1.003632886002797591e+02
6.600000000000000533e+00 1.017502227267154069e+02
6.700000000000000178e+00 1.030989226763147997e+02
6.800000000000000711e+00 1.044062923123598239e+02
6.900000000000000355e+00 1.056691171878950826e+02
7.000000000000000000e+00 1.068840642027664387e+02
7.100000000000000533e+00 1.080476814907847682e+02
7.200000000000000178e+00 1.091563985462198758e+02
7.300000000000000711e+00 1.102065265980935180e+02
7.400000000000000355e+00 1.111942592399302328e+02
7.500000000000000000e+00 1.121156733217410846e+02
7.600000000000000533e+00 1.129667301100632386e+02
7.700000000000000178e+00 1.137432767208642304e+02
7.800000000000000711e+00 1.144410478290434270e+02
7.900000000000000355e+00 1.150556676571371355e+02
8.000000000000000000e+00 1.155826522446579361e+02
8.099999999999999645e+00 1.160174119982855387e+02
8.200000000000001066e+00 1.163552545218779954e+02
8.300000000000000711e+00 1.165913877240002989e+02
8.400000000000000355e+00 1.167209231993777223e+02
8.500000000000000000e+00 1.167388798793830347e+02
8.599999999999999645e+00 1.166401879453685524e+02
8.700000000000001066e+00 1.164196929973652601e+02
8.800000000000000711e+00 1.160721604693988098e+02
8.900000000000000355e+00 1.155922802814277048e+02
9.000000000000000000e+00 1.149746717166983672e+02
9.099999999999999645e+00 1.142138885121472640e+02
9.200000000000001066e+00 1.133044241483656975e+02
9.300000000000000711e+00 1.122407173245917846e+02
9.400000000000000355e+00 1.110171576032086449e+02
9.500000000000000000e+00 1.096280912073201961e+02
9.600000000000001421e+00 1.080678269541504761e+02
9.700000000000001066e+00 1.063306423062749388e+02
9.800000000000000711e+00 1.044107895220502655e+02
9.900000000000000355e+00 1.023025018860657269e+02
1.000000000000000000e+01 1.000000000000000000e+02
