t = 8.860000
x    u(x,t)
0.000000000000000000e+00 0.000000000000000000e+00
1.000000000000000056e-01 1.358340078653116123e+00
2.000000000000000111e-01 2.717174134927028195e+00
3.000000000000000444e-01 4.076995055094958964e+00
4.000000000000000222e-01 5.438293541460582858e+00
5.000000000000000000e-01 6.801557017174496345e+00
6.000000000000000888e-01 8.167268527176620552e+00
7.000000000000000666e-01 9.535905633914659063e+00
8.000000000000000444e-01 1.090793930643983423e+01
9.000000000000000222e-01 1.228383280142159428e+01
1.000000000000000000e+00 1.366404053455409162e+01
1.100000000000000089e+00 1.504900694074996892e+01
1.200000000000000178e+00 1.643916532143285991e+01
1.300000000000000044e+00 1.783493667715094944e+01
1.400000000000000133e+00 1.923672852364108365e+01
1.500000000000000000e+00 2.064493368937908002e+01
1.600000000000000089e+00 2.205992909255824586e+01
1.700000000000000178e+00 2.348207449534745805e+01
1.800000000000000044e+00 2.491171123319454139e+01
1.900000000000000133e+00 2.634916091686238104e+01
2.000000000000000000e+00 2.779472410481674061e+01
2.100000000000000089e+00 2.924867894352876263e+01
2.200000000000000178e+00 3.071127977321312130e+01
2.300000000000000266e+00 3.218275569649917145e+01
2.400000000000000355e+00 3.366330910752665773e+01
2.500000000000000000e+00 3.515311417897518709e+01
2.600000000000000089e+00 3.665231530457723608e+01
2.700000000000000178e+00 3.816102549473197314e+01
2.800000000000000266e+00 3.967932472293257007e+01
2.900000000000000355e+00 4.120725822084475709e+01
3.000000000000000000e+00 4.274483472003186790e+01
3.100000000000000089e+00 4.429202463851122928e+01
3.200000000000000178e+00 4.584875821055140932e+01
3.300000000000000266e+00 4.741492355837927164e+01
3.400000000000000355e+00 4.899036470476028171e+01
3.500000000000000000e+00 5.057487952574751233e+01
3.600000000000000089e+00 5.216821764326099498e+01
3.700000000000000178e+00 5.377007825756287218e+01
3.800000000000000266e+00 5.538010792013086814e+01
3.900000000000000355e+00 5.699789824790435944e+01
4.000000000000000000e+00 5.862298358038136570e+01
4.100000000000000533e+00 6.025483858157905814e+01
4.200000000000000178e+00 6.189287578943370960e+01
4.299999999999999822e+00 6.353644311580379167e+01
4.400000000000000355e+00 6.518482130085111237e+01
4.500000000000000000e+00 6.683722132620542311e+01
4.600000000000000533e+00 6.849278179196359417e+01
4.700000000000000178e+00 7.015056626323084288e+01
4.800000000000000711e+00 7.180956059257633228e+01
4.900000000000000355e+00 7.346867022544059012e+01
5.000000000000000000e+00 7.512671749619616435e+01
5.100000000000000533e+00 7.678243892321637531e+01
5.200000000000000178e+00 7.843448251194968179e+01
5.300000000000000711e+00 8.008140507561731170e+01
5.400000000000000355e+00 8.172166958374899082e+01
5.500000000000000000e+00 8.335364254933622874e+01
5.600000000000000533e+00 8.497559146591092372e+01
5.700000000000000178e+00 8.658568230634185170e+01
5.800000000000000711e+00 8.818197709557728103e+01
5.900000000000000355e+00 8.976243156994418371e+01
6.000000000000000000e+00 9.132489293593503987e+01
6.100000000000000533e+00 9.286709774166894249e+01
6.200000000000000178e+00 9.438666987440002742e+01
6.300000000000000711e+00 9.588111869755515215e+01
6.400000000000000355e+00 9.734783734081530326e+01
6.500000000000000000e+00 9.878410115670186542e+01
6.600000000000000533e+00 1.001870663569919060e+02
6.700000000000000178e+00 1.015537688420593412e+02
6.800000000000000711e+00 1.028811232359210805e+02
6.900000000000000355e+00 1.041659221393580879e+02
7.000000000000000000e+00 1.054048356129783173e+02
7.100000000000000533e+00 1.065944109014942143e+02
7.200000000000000178e+00 1.077310724098010724e+02
7.300000000000000711e+00 1.088111219406652026e+02
7.400000000000000355e+00 1.098307392029681751e+02
7.500000000000000000e+00 1.107859825985042050e+02
7.600000000000000533e+00 1.116727902942999862e+02
7.700000000000000178e+00 1.124869815863224858e+02
7.800000000000000711e+00 1.132242585592666160e+02
7.900000000000000355e+00 1.138802080458780495e+02
8.000000000000000000e+00 1.144503038879722396e+02
8.099999999999999645e+00 1.149299094999699662e+02
8.200000000000001066e+00 1.153142807343850933e+02
8.300000000000000711e+00 1.155985690472868583e+02
8.400000000000000355e+00 1.157778249603208991e+02
8.500000000000000000e+00 1.158470018144228249e+02
8.599999999999999645e+00 1.158009598089046932e+02
8.700000000000001066e+00 1.156344703181478479e+02
8.800000000000000711e+00 1.153422204767063874e+02
8.900000000000000355e+00 1.149188180222231921e+02
9.000000000000000000e+00 1.143587963841961681e+02
9.099999999999999645e+00 1.136566200053164550e+02
9.200000000000001066e+00 1.128066898808410912e+02
9.300000000000000711e+00 1.118033493002717904e+02
9.400000000000000355e+00 1.106408897744953350e+02
9.500000000000000000e+00 1.093135571305126490e+02
9.600000000000001421e+00 1.078155577549443080e+02
9.700000000000001066e+00 1.061410649666651835e+02
9.800000000000000711e+00 1.042842254981895280e+02
9.900000000000000355e+00 1.022391660648107461e+02
1.000000000000000000e+01 1.000000000000000000e+02
