t = 8.230000
x    u(x,t)
0.000000000000000000e+00 0.000000000000000000e+00
1.000000000000000056e-01 1.279247174280587984e+00
2.000000000000000111e-01 2.559022149364039933e+00
3.000000000000000444e-01 3.839851667350032471e+00
4.000000000000000222e-01 5.122260352177217868e+00
5.000000000000000000e-01 6.406769648635547654e+00
6.000000000000000888e-01 7.693896759032679888e+00
7.000000000000000666e-01 8.984153576637854854e+00
8.000000000000000444e-01 1.027804561494710178e+01
9.000000000000000222e-01 1.157607093171628954e+01
1.000000000000000000e+00 1.287871904659469990e+01
1.100000000000000089e+00 1.418646985106313352e+01
1.200000000000000178e+00 1.549979250923860974e+01
1.300000000000000044e+00 1.681914434795503865e+01
1.400000000000000133e+00 1.814496973436748917e+01
1.500000000000000000e+00 1.947769893915979722e+01
1.600000000000000089e+00 2.081774698326380602e+01
1.700000000000000178e+00 2.216551246582581314e+01
1.800000000000000044e+00 2.352137637098569556e+01
1.900000000000000133e+00 2.488570085086865191e+01
2.000000000000000000e+00 2.625882798203247503e+01
2.100000000000000089e+00 2.764107849246800797e+01
2.200000000000000178e+00 2.903275045611900040e+01
2.300000000000000266e+00 3.043411795177538437e+01
2.400000000000000355e+00 3.184542968310169897e+01
2.500000000000000000e+00 3.326690755649564579e+01
2.600000000000000089e+00 3.469874521343191276e+01
2.700000000000000178e+00 3.614110651393736617e+01
2.800000000000000266e+00 3.759412396786861876e+01
2.900000000000000355e+00 3.905789711072301174e+01
3.000000000000000000e+00 4.053249082081404708e+01
3.100000000000000089e+00 4.201793357478270252e+01
3.200000000000000178e+00 4.351421563859953778e+01
3.300000000000000266e+00 4.502128719144126023e+01
3.400000000000000355e+00 4.653905638009935331e+01
3.500000000000000000e+00 4.806738730190102871e+01
3.600000000000000089e+00 4.960609791449179795e+01
3.700000000000000178e+00 5.115495787124726235e+01
3.800000000000000266e+00 5.271368628154792901e+01
3.900000000000000355e+00 5.428194939566316890e+01
4.000000000000000000e+00 5.585935821455065309e+01
4.100000000000000533e+00 5.744546602548124525e+01
4.200000000000000178e+00 5.903976586504603574e+01
4.299999999999999822e+00 6.064168791178816065e+01
4.400000000000000355e+00 6.225059681142528234e+01
4.500000000000000000e+00 6.386578893838436244e+01
4.600000000000000533e+00 6.548648959815560033e+01
4.700000000000000178e+00 6.711185017578034717e+01
4.800000000000000711e+00 6.874094523661683809e+01
4.900000000000000355e+00 7.037276958636742563e+01
5.000000000000000000e+00 7.200623529820084912e+01
5.100000000000000533e+00 7.364016871565007705e+01
5.200000000000000178e+00 7.527330744081156411e+01
5.300000000000000711e+00 7.690429731819922665e+01
5.400000000000000355e+00 7.853168942541671527e+01
5.500000000000000000e+00 8.015393708259145455e+01
5.600000000000000533e+00 8.176939289325783022e+01
5.700000000000000178e+00 8.337630583007791074e+01
5.800000000000000711e+00 8.497281837943502580e+01
5.900000000000000355e+00 8.655696375952462063e+01
6.000000000000000000e+00 8.812666322708682287e+01
6.100000000000000533e+00 8.967972348837027141e+01
6.200000000000000178e+00 9.121383423028106563e+01
6.300000000000000711e+00 9.272656578794322968e+01
6.400000000000000355e+00 9.421536696507668296e+01
6.500000000000000000e+00 9.567756302367544663e+01
6.600000000000000533e+00 9.711035385943979747e+01
6.700000000000000178e+00 9.851081237927620293e+01
6.800000000000000711e+00 9.987588309692402788e+01
6.900000000000000355e+00 1.012023809623961768e+02
7.000000000000000000e+00 1.024869904404293663e+02
7.100000000000000533e+00 1.037262648525284590e+02
7.200000000000000178e+00 1.049166259964575261e+02
7.300000000000000711e+00 1.060543640561790539e+02
7.400000000000000355e+00 1.071356378142757961e+02
7.500000000000000000e+00 1.081564751778073799e+02
7.600000000000000533e+00 1.091127740273639546e+02
7.700000000000000178e+00 1.100003033977848190e+02
7.800000000000000711e+00 1.108147049976176532e+02
7.900000000000000355e+00 1.115514950729129708e+02
8.000000000000000000e+00 1.122060666193865188e+02
8.099999999999999645e+00 1.127736919453475650e+02
8.200000000000001066e+00 1.132495255860962402e+02
8.300000000000000711e+00 1.136286075687484640e+02
8.400000000000000355e+00 1.139058670246630385e+02
8.500000000000000000e+00 1.140761261448373176e+02
8.599999999999999645e+00 1.141341044718167410e+02
8.700000000000001066e+00 1.140744235198432932e+02
8.800000000000000711e+00 1.138916117131623338e+02
8.900000000000000355e+00 1.135801096306296500e+02
9.000000000000000000e+00 1.131342755430261491e+02
9.099999999999999645e+00 1.125483912278082101e+02
9.200000000000001066e+00 1.118166680444116565e+02
9.300000000000000711e+00 1.109332532517003784e+02
9.400000000000000355e+00 1.098922365477172036e+02
9.500000000000000000e+00 1.086876568105685976e+02
9.600000000000001421e+00 1.073135090180664974e+02
9.700000000000001066e+00 1.057637513226694210e+02
9.800000000000000711e+00 1.040323122573199868e+02
9.900000000000000355e+00 1.021130980469781520e+02
1.000000000000000000e+01 1.000000000000000000e+02
