t = 3.460000
x    u(x,t)
0.000000000000000000e+00 0.000000000000000000e+00
1.000000000000000056e-01 6.429016989767273316e-01
2.000000000000000111e-01 1.286661275275086558e+00
3.000000000000000444e-01 1.932134124080944648e+00
4.000000000000000222e-01 2.580170697797366852e+00
5.000000000000000000e-01 3.231614088059546752e+00
6.000000000000000888e-01 3.887297670960188078e+00
7.000000000000000666e-01 4.548042835112029891e+00
8.000000000000000444e-01 5.214656810973362866e+00
9.000000000000000222e-01 5.887930618405640359e+00
1.000000000000000000e+00 6.568637147747454108e+00
1.100000000000000089e+00 7.257529387807874599e+00
1.200000000000000178e+00 7.955338812139077120e+00
1.300000000000000044e+00 8.662773932780204689e+00
1.400000000000000133e+00 9.380519028409278093e+00
1.500000000000000000e+00 1.010923305153625407e+01
1.600000000000000089e+00 1.084954871705502732e+01
1.700000000000000178e+00 1.160207177218137886e+01
1.800000000000000044e+00 1.236738044557102256e+01
1.900000000000000133e+00 1.314602507126648412e+01
2.000000000000000000e+00 1.393852788109062502e+01
2.100000000000000089e+00 1.474538295720928893e+01
2.200000000000000178e+00 1.556705633484296492e+01
2.300000000000000266e+00 1.640398624352982893e+01
2.400000000000000355e+00 1.725658347393628489e+01
2.500000000000000000e+00 1.812523185597827080e+01
2.600000000000000089e+00 1.901028883295382954e+01
2.700000000000000178e+00 1.991208611548677609e+01
2.800000000000000266e+00 2.083093039833108762e+01
2.900000000000000355e+00 2.176710412246943349e+01
3.000000000000000000e+00 2.272086626443980606e+01
3.100000000000000089e+00 2.369245313441911449e+01
3.200000000000000178e+00 2.468207916426062809e+01
3.300000000000000266e+00 2.568993766639962573e+01
3.400000000000000355e+00 2.671620154428567417e+01
3.500000000000000000e+00 2.776102393474910102e+01
3.600000000000000089e+00 2.882453876244327517e+01
3.700000000000000178e+00 2.990686118620574163e+01
3.800000000000000266e+00 3.100808791683723342e+01
3.900000000000000355e+00 3.212829738539708302e+01
4.000000000000000000e+00 3.326754974065396908e+01
4.100000000000000533e+00 3.442588665381181556e+01
4.200000000000000178e+00 3.560333090805955436e+01
4.299999999999999822e+00 3.679988574988401950e+01
4.400000000000000355e+00 3.801553397845742666e+01
4.500000000000000000e+00 3.925023674879190594e+01
4.600000000000000533e+00 4.050393206377723487e+01
4.700000000000000178e+00 4.177653292972473764e+01
4.800000000000000711e+00 4.306792514967717267e+01
4.900000000000000355e+00 4.437796472856396690e+01
5.000000000000000000e+00 4.570647486434065598e+01
5.100000000000000533e+00 4.705324249961252292e+01
5.200000000000000178e+00 4.841801440896943376e+01
5.300000000000000711e+00 4.980049279841751542e+01
5.400000000000000355e+00 5.120033039494916238e+01
5.500000000000000000e+00 5.261712500650885715e+01
5.600000000000000533e+00 5.405041353544866212e+01
5.700000000000000178e+00 5.549966543207668934e+01
5.800000000000000711e+00 5.696427557912940642e+01
5.900000000000000355e+00 5.844355660297788546e+01
6.000000000000000000e+00 5.993673061313170081e+01
6.100000000000000533e+00 6.144292037813583818e+01
6.200000000000000178e+00 6.296113995325569590e+01
6.300000000000000711e+00 6.449028478338136949e+01
6.400000000000000355e+00 6.602912131330255363e+01
6.500000000000000000e+00 6.757627614683686090e+01
6.600000000000000533e+00 6.913022480613811638e+01
6.700000000000000178e+00 7.068928015274789800e+01
6.800000000000000711e+00 7.225158054243927097e+01
6.900000000000000355e+00 7.381507779647114376e+01
7.000000000000000000e+00 7.537752508233883475e+01
7.100000000000000533e+00 7.693646480726840764e+01
7.200000000000000178e+00 7.848921663734012100e+01
7.300000000000000711e+00 8.003286576401164609e+01
7.400000000000000355e+00 8.156425154770927577e+01
7.500000000000000000e+00 8.307995667482934721e+01
7.600000000000000533e+00 8.457629696971062572e+01
7.700000000000000178e+00 8.604931200668129065e+01
7.800000000000000711e+00 8.749475666894782933e+01
7.900000000000000355e+00 8.890809380069653400e+01
8.000000000000000000e+00 9.028448809617168536e+01
8.099999999999999645e+00 9.161880136456159107e+01
8.200000000000001066e+00 9.290558930219050637e+01
8.300000000000000711e+00 9.413909989375163434e+01
8.400000000000000355e+00 9.531327355214384056e+01
8.500000000000000000e+00 9.642174509196367183e+01
8.599999999999999645e+00 9.745784761498165949e+01
8.700000000000001066e+00 9.841461836717257938e+01
8.800000000000000711e+00 9.928480660630646071e+01
8.900000000000000355e+00 1.000608834970179117e+02
9.000000000000000000e+00 1.007350540269798671e+02
9.099999999999999645e+00 1.012992709136777023e+02
9.200000000000001066e+00 1.017452504467048300e+02
9.300000000000000711e+00 1.020644901859012919e+02
9.400000000000000355e+00 1.022482884114654098e+02
9.500000000000000000e+00 1.022877651988242462e+02
9.600000000000001421e+00 1.021738849689877497e+02
9.700000000000001066e+00 1.018974803447489990e+02
9.800000000000000711e+00 1.014492771248249596e+02
9.900000000000000355e+00 1.008199201722147222e+02
1.000000000000000000e+01 1.000000000000000000e+02
