t = 9.980000
x    u(x,t)
0.000000000000000000e+00 0.000000000000000000e+00
1.000000000000000056e-01 1.496244506514130990e+00
2.000000000000000111e-01 2.992919578213763643e+00
3.000000000000000444e-01 4.490454603329251171e+00
4.000000000000000222e-01 5.989276614490875339e+00
5.000000000000000000e-01 7.489809106701485142e+00
6.000000000000000888e-01 8.992470850228391654e+00
7.000000000000000666e-01 1.049767469670812581e+01
8.000000000000000444e-01 1.200582637674747488e+01
9.000000000000000222e-01 1.351732328729244337e+01
1.000000000000000000e+00 1.503255326702419303e+01
1.100000000000000089e+00 1.655189335802834094e+01
1.200000000000000178e+00 1.807570855197182880e+01
1.300000000000000044e+00 1.960435051901161430e+01
1.400000000000000133e+00 2.113815631765163516e+01
1.500000000000000000e+00 2.267744708376141460e+01
1.600000000000000089e+00 2.422252669697101268e+01
1.700000000000000178e+00 2.577368042266536818e+01
1.800000000000000044e+00 2.733117352781693299e+01
1.900000000000000133e+00 2.889524986892029901e+01
2.000000000000000000e+00 3.046613045032795242e+01
2.100000000000000089e+00 3.204401195133374358e+01
2.200000000000000178e+00 3.362906522041009794e+01
2.300000000000000266e+00 3.522143373508059483e+01
2.400000000000000355e+00 3.682123202599871803e+01
2.500000000000000000e+00 3.842854406391101918e+01
2.600000000000000089e+00 4.004342160830746167e+01
2.700000000000000178e+00 4.166588251670496845e+01
2.800000000000000266e+00 4.329590901367351563e+01
2.900000000000000355e+00 4.493344591889685091e+01
3.000000000000000000e+00 4.657839883376452406e+01
3.100000000000000089e+00 4.823063228621662546e+01
3.200000000000000178e+00 4.988996783380967059e+01
3.300000000000000266e+00 5.155618212524013444e+01
3.400000000000000355e+00 5.322900492085072699e+01
3.500000000000000000e+00 5.490811707295529231e+01
3.600000000000000089e+00 5.659314846714747205e+01
3.700000000000000178e+00 5.828367592610820935e+01
3.800000000000000266e+00 5.997922107779478296e+01
3.900000000000000355e+00 6.167924819027739858e+01
4.000000000000000000e+00 6.338316197589013967e+01
4.100000000000000533e+00 6.509030536777521547e+01
4.200000000000000178e+00 6.679995727232427782e+01
4.299999999999999822e+00 6.851133030145427938e+01
4.400000000000000355e+00 7.022356848909467431e+01
4.500000000000000000e+00 7.193574499670839373e+01
4.600000000000000533e+00 7.364685981311288288e+01
4.700000000000000178e+00 7.535583745431196689e+01
4.800000000000000711e+00 7.706152466948691426e+01
4.900000000000000355e+00 7.876268815972484560e+01
5.000000000000000000e+00 8.045801231648080432e+01
5.100000000000000533e+00 8.214609698717144681e+01
5.200000000000000178e+00 8.382545527568196064e+01
5.300000000000000711e+00 8.549451138592789334e+01
5.400000000000000355e+00 8.715159851694711790e+01
5.500000000000000000e+00 8.879495681830186982e+01
5.600000000000000533e+00 9.042273141483966015e+01
5.700000000000000178e+00 9.203297051009609220e+01
5.800000000000000711e+00 9.362362357781401556e+01
5.900000000000000355e+00 9.519253965120260830e+01
6.000000000000000000e+00 9.673746571966211150e+01
6.100000000000000533e+00 9.825604524275141216e+01
6.200000000000000178e+00 9.974581679117719091e+01
6.300000000000000711e+00 1.012042128245279713e+02
6.400000000000000355e+00 1.026285586153672540e+02
6.500000000000000000e+00 1.040160713291302841e+02
6.600000000000000533e+00 1.053638592690424929e+02
6.700000000000000178e+00 1.066689212949909376e+02
6.800000000000000711e+00 1.079281464249300200e+02
6.900000000000000355e+00 1.091383136269979701e+02
7.000000000000000000e+00 1.102960918100500152e+02
7.100000000000000533e+00 1.113980400197888372e+02
7.200000000000000178e+00 1.124406078470887991e+02
7.300000000000000711e+00 1.134201360544694381e+02
7.400000000000000355e+00 1.143328574259815298e+02
7.500000000000000000e+00 1.151748978450249155e+02
7.600000000000000533e+00 1.159422776038254739e+02
7.700000000000000178e+00 1.166309129474658874e+02
7.800000000000000711e+00 1.172366178544881450e+02
7.900000000000000355e+00 1.177551060551786577e+02
8.000000000000000000e+00 1.181819932877060779e+02
8.099999999999999645e+00 1.185127997913178461e+02
8.200000000000001066e+00 1.187429530348181714e+02
8.300000000000000711e+00 1.188677906775514117e+02
8.400000000000000355e+00 1.188825637591102407e+02
8.500000000000000000e+00 1.187824401129801259e+02
8.599999999999999645e+00 1.185625079983295791e+02
8.700000000000001066e+00 1.182177799431640608e+02
8.800000000000000711e+00 1.177431967910869446e+02
8.900000000000000355e+00 1.171336319429605624e+02
9.000000000000000000e+00 1.163838957838400461e+02
9.099999999999999645e+00 1.154887402846674860e+02
9.200000000000001066e+00 1.144428637673725575e+02
9.300000000000000711e+00 1.132409158212308995e+02
9.400000000000000355e+00 1.118775023575896626e+02
9.500000000000000000e+00 1.103471907893877528e+02
9.600000000000001421e+00 1.086445153212781918e+02
9.700000000000001066e+00 1.067639823356079773e+02
9.800000000000000711e+00 1.047000758590296101e+02
9.900000000000000355e+00 1.024472630941133389e+02
1.000000000000000000e+01 1.000000000000000000e+02
