t = 0.550000
x    u(x,t)
0.000000000000000000e+00 0.000000000000000000e+00
1.000000000000000056e-01 1.735267534152734881e-01
2.000000000000000111e-01 3.492050848152028486e-01
3.000000000000000444e-01 5.291472890977291232e-01
4.000000000000000222e-01 7.153892588545385234e-01
5.000000000000000000e-01 9.098574931275160704e-01
6.000000000000000888e-01 1.114341824690111782e+00
7.000000000000000666e-01 1.330474956595311564e+00
8.000000000000000444e-01 1.559719334009599612e+00
9.000000000000000222e-01 1.803361313124377530e+00
1.000000000000000000e+00 2.062512084986482641e+00
1.100000000000000089e+00 2.338114414619721693e+00
1.200000000000000178e+00 2.630953992480352888e+00
1.300000000000000044e+00 2.941674073787950761e+00
1.400000000000000133e+00 3.270792091188486239e+00
1.500000000000000000e+00 3.618717043399737765e+00
1.600000000000000089e+00 3.985766654794105968e+00
1.700000000000000178e+00 4.372183533929292487e+00
1.800000000000000044e+00 4.778149801253026574e+00
1.900000000000000133e+00 5.203799882234328322e+00
2.000000000000000000e+00 5.649231354653500681e+00
2.100000000000000089e+00 6.114513888522084883e+00
2.200000000000000178e+00 6.599696422042139687e+00
2.300000000000000266e+00 7.104812780481847057e+00
2.400000000000000355e+00 7.629885973576874036e+00
2.500000000000000000e+00 8.174931409355263412e+00
2.600000000000000089e+00 8.739959246492880141e+00
2.700000000000000178e+00 9.324976080870017725e+00
2.800000000000000266e+00 9.929986130872443084e+00
2.900000000000000355e+00 1.055499205447558531e+01
3.000000000000000000e+00 1.119999550204785166e+01
3.100000000000000089e+00 1.186499748361135964e+01
3.200000000000000178e+00 1.254999860855729388e+01
3.300000000000000266e+00 1.325499923943937830e+01
3.400000000000000355e+00 1.397999958900057571e+01
3.500000000000000000e+00 1.472499978039257584e+01
3.600000000000000089e+00 1.548999988395882532e+01
3.700000000000000178e+00 1.627499993935450462e+01
3.800000000000000266e+00 1.707999996864770154e+01
3.900000000000000355e+00 1.790499998396428083e+01
4.000000000000000000e+00 1.874999999188441180e+01
4.100000000000000533e+00 1.961499999593528543e+01
4.200000000000000178e+00 2.049999999798492212e+01
4.299999999999999822e+00 2.140499999901097894e+01
4.400000000000000355e+00 2.232999999951913495e+01
4.500000000000000000e+00 2.327499999976786782e+01
4.600000000000000533e+00 2.423999999988759413e+01
4.700000000000000178e+00 2.522499999994285247e+01
4.800000000000000711e+00 2.622999999996408249e+01
4.900000000000000355e+00 2.725499999996290867e+01
5.000000000000000000e+00 2.829999999993799875e+01
5.100000000000000533e+00 2.936499999987379539e+01
5.200000000000000178e+00 3.044999999973154559e+01
5.300000000000000711e+00 3.155499999942761846e+01
5.400000000000000355e+00 3.267999999878806960e+01
5.500000000000000000e+00 3.382499999745697039e+01
5.600000000000000533e+00 3.498999999471469380e+01
5.700000000000000178e+00 3.617499998912234815e+01
5.800000000000000711e+00 3.737999997783462192e+01
5.900000000000000355e+00 3.860499995528810047e+01
6.000000000000000000e+00 3.984999991072830738e+01
6.100000000000000533e+00 4.111499982360681571e+01
6.200000000000000178e+00 4.239999965512435409e+01
6.300000000000000711e+00 4.370499933289914196e+01
6.400000000000000355e+00 4.502999872354674693e+01
6.500000000000000000e+00 4.637499758431812324e+01
6.600000000000000533e+00 4.773999547900613294e+01
6.700000000000000178e+00 4.912499163383297685e+01
6.800000000000000711e+00 5.052998469413004301e+01
6.900000000000000355e+00 5.195497231972480989e+01
7.000000000000000000e+00 5.339995052252636043e+01
7.100000000000000533e+00 5.486491259923145236e+01
7.200000000000000178e+00 5.634984743959680742e+01
7.300000000000000711e+00 5.785473688957011262e+01
7.400000000000000355e+00 5.937955171142161248e+01
7.500000000000000000e+00 6.092424550290792951e+01
7.600000000000000533e+00 6.248874570934560779e+01
7.700000000000000178e+00 6.407294058530023051e+01
7.800000000000000711e+00 6.567666064246341762e+01
7.900000000000000355e+00 6.729965277374277832e+01
8.000000000000000000e+00 6.894154490118832257e+01
8.099999999999999645e+00 7.060179870457737650e+01
8.200000000000001066e+00 7.227964781378310022e+01
8.300000000000000711e+00 7.397401887322199343e+01
8.400000000000000355e+00 7.568343320273490349e+01
8.500000000000000000e+00 7.740588747739683129e+01
8.599999999999999645e+00 7.913871300307306456e+01
8.700000000000001066e+00 8.087841481166718438e+01
8.800000000000000711e+00 8.262049391728361059e+01
8.900000000000000355e+00 8.435925856081664165e+01
9.000000000000000000e+00 8.608763293485100121e+01
9.099999999999999645e+00 8.779697444436783371e+01
9.200000000000001066e+00 8.947691267410529292e+01
9.300000000000000711e+00 9.111522452254808968e+01
9.400000000000000355e+00 9.269776007159087783e+01
9.500000000000000000e+00 9.420843242440236054e+01
9.600000000000001421e+00 9.562928184739971016e+01
9.700000000000001066e+00 9.694062018007483061e+01
9.800000000000000711e+00 9.812125593296708814e+01
9.900000000000000355e+00 9.914879428756792379e+01
1.000000000000000000e+01 1.000000000000000000e+02
