t = 1.390000
x    u(x,t)
0.000000000000000000e+00 0.000000000000000000e+00
1.000000000000000056e-01 3.272517046539173413e-01
2.000000000000000111e-01 6.558569076440033951e-01
3.000000000000000444e-01 9.871593529460352956e-01
4.000000000000000222e-01 1.322483487200700747e+00
5.000000000000000000e-01 1.663125331857713496e+00
6.000000000000000888e-01 2.010343959255451729e+00
7.000000000000000666e-01 2.365353740024638274e+00
8.000000000000000444e-01 2.729317502331089162e+00
9.000000000000000222e-01 3.103340712466314599e+00
1.000000000000000000e+00 3.488466752631856682e+00
1.100000000000000089e+00 3.885673336993013205e+00
1.200000000000000178e+00 4.295870072731076128e+00
1.300000000000000044e+00 4.719897140327616647e+00
1.400000000000000133e+00 5.158525037918067824e+00
1.500000000000000000e+00 5.612455309266277226e+00
1.600000000000000089e+00 6.082322154471355269e+00
1.700000000000000178e+00 6.568694807361561416e+00
1.800000000000000044e+00 7.072080553800931924e+00
1.900000000000000133e+00 7.592928260700471554e+00
2.000000000000000000e+00 8.131632286014236044e+00
2.100000000000000089e+00 8.688536644842892898e+00
2.200000000000000178e+00 9.263939315252828877e+00
2.300000000000000266e+00 9.858096578751025518e+00
2.400000000000000355e+00 1.047122730370403332e+01
2.500000000000000000e+00 1.110351709454131530e+01
2.600000000000000089e+00 1.175512224458289978e+01
2.700000000000000178e+00 1.242617344511356414e+01
2.800000000000000266e+00 1.311677921733727459e+01
2.900000000000000355e+00 1.382702904665596044e+01
3.000000000000000000e+00 1.455699621002289135e+01
3.100000000000000089e+00 1.530674029673940417e+01
3.200000000000000178e+00 1.607630943092129883e+01
3.300000000000000266e+00 1.686574220997712104e+01
3.400000000000000355e+00 1.767506937790867028e+01
3.500000000000000000e+00 1.850431525521427645e+01
3.600000000000000089e+00 1.935349894883208322e+01
3.700000000000000178e+00 2.022263536610904566e+01
3.800000000000000266e+00 2.111173605642858320e+01
3.900000000000000355e+00 2.202080990307581843e+01
4.000000000000000000e+00 2.294986368634575058e+01
4.100000000000000533e+00 2.389890253696289690e+01
4.200000000000000178e+00 2.486793029670941380e+01
4.299999999999999822e+00 2.585694980084883454e+01
4.400000000000000355e+00 2.686596309454910525e+01
4.500000000000000000e+00 2.789497159308558594e+01
4.600000000000000533e+00 2.894397619314313275e+01
4.700000000000000178e+00 3.001297734001104445e+01
4.800000000000000711e+00 3.110197505281933061e+01
4.900000000000000355e+00 3.221096890711834959e+01
5.000000000000000000e+00 3.333995797094790703e+01
5.100000000000000533e+00 3.448894068694415438e+01
5.200000000000000178e+00 3.565791468883757886e+01
5.300000000000000711e+00 3.684687653572553501e+01
5.400000000000000355e+00 3.805582134156388463e+01
5.500000000000000000e+00 3.928474227020744536e+01
5.600000000000000533e+00 4.053362985782616335e+01
5.700000000000000178e+00 4.180247111442875507e+01
5.800000000000000711e+00 4.309124834435348816e+01
5.900000000000000355e+00 4.439993761179422904e+01
6.000000000000000000e+00 4.572850676164163275e+01
6.100000000000000533e+00 4.707691288814843489e+01
6.200000000000000178e+00 4.844509912431701792e+01
6.300000000000000711e+00 4.983299060376008072e+01
6.400000000000000355e+00 5.124048942460309064e+01
6.500000000000000000e+00 5.266746842251613714e+01
6.600000000000000533e+00 5.411376353818054241e+01
6.700000000000000178e+00 5.557916454469513212e+01
6.800000000000000711e+00 5.706340388417905274e+01
6.900000000000000355e+00 5.856614335198089805e+01
7.000000000000000000e+00 6.008695836354536368e+01
7.100000000000000533e+00 6.162531954537755752e+01
7.200000000000000178e+00 6.318057141001825983e+01
7.300000000000000711e+00 6.475190790778066230e+01
7.400000000000000355e+00 6.633834469726328109e+01
7.500000000000000000e+00 6.793868804400432282e+01
7.600000000000000533e+00 6.955150034312592311e+01
7.700000000000000178e+00 7.117506236765453309e+01
7.800000000000000711e+00 7.280733246859193741e+01
7.900000000000000355e+00 7.444590309374119386e+01
8.000000000000000000e+00 7.608795514642687863e+01
8.099999999999999645e+00 7.773021086785988132e+01
8.200000000000001066e+00 7.936888609189827548e+01
8.300000000000000711e+00 8.099964288102685828e+01
8.400000000000000355e+00 8.261754369921264640e+01
8.500000000000000000e+00 8.421700840194435500e+01
8.599999999999999645e+00 8.579177541710700439e+01
8.700000000000001066e+00 8.733486854360812401e+01
8.800000000000000711e+00 8.883857080004396778e+01
8.900000000000000355e+00 9.029440670692403614e+01
9.000000000000000000e+00 9.169313427895062318e+01
9.099999999999999645e+00 9.302474783712929707e+01
9.200000000000001066e+00 9.427849252564166704e+01
9.300000000000000711e+00 9.544289114027057508e+01
9.400000000000000355e+00 9.650578355180948620e+01
9.500000000000000000e+00 9.745437865043439274e+01
9.600000000000001421e+00 9.827531835920733272e+01
9.700000000000001066e+00 9.895475288240608336e+01
9.800000000000000711e+00 9.947842598408379899e+01
9.900000000000000355e+00 9.983176875119295346e+01
1.000000000000000000e+01 1.000000000000000000e+02
