t = 8.040000
x    u(x,t)
0.000000000000000000e+00 0.000000000000000000e+00
1.000000000000000056e-01 1.255186226719179565e+00
2.000000000000000111e-01 2.510910281339813199e+00
3.000000000000000444e-01 3.767708939279859059e+00
4.000000000000000222e-01 5.026116870443419593e+00
5.000000000000000000e-01 6.286665585073396123e+00
6.000000000000000888e-01 7.549882377870804184e+00
7.000000000000000666e-01 8.816289269695820607e+00
8.000000000000000444e-01 1.008640194607550988e+01
9.000000000000000222e-01 1.136072869163268528e+01
1.000000000000000000e+00 1.263976931942097792e+01
1.100000000000000089e+00 1.392401409400457979e+01
1.200000000000000178e+00 1.521394264695909015e+01
1.300000000000000044e+00 1.651002288329499734e+01
1.400000000000000133e+00 1.781270987711938147e+01
1.500000000000000000e+00 1.912244475465779914e+01
1.600000000000000089e+00 2.043965356255923282e+01
1.700000000000000178e+00 2.176474611920546920e+01
1.800000000000000044e+00 2.309811484654615654e+01
1.900000000000000133e+00 2.444013357978429468e+01
2.000000000000000000e+00 2.579115635204821899e+01
2.100000000000000089e+00 2.715151615100860738e+01
2.200000000000000178e+00 2.852152364423561792e+01
2.300000000000000266e+00 2.990146586994642774e+01
2.400000000000000355e+00 3.129160488966967080e+01
2.500000000000000000e+00 3.269217639925501828e+01
2.600000000000000089e+00 3.410338829458644483e+01
2.700000000000000178e+00 3.552541918831931866e+01
2.800000000000000266e+00 3.695841687395942898e+01
2.900000000000000355e+00 3.840249673363632610e+01
3.000000000000000000e+00 3.985774008600037632e+01
3.100000000000000089e+00 4.132419247079233315e+01
3.200000000000000178e+00 4.280186186680042937e+01
3.300000000000000266e+00 4.429071684013320720e+01
3.400000000000000355e+00 4.579068462000009276e+01
3.500000000000000000e+00 4.730164909950575947e+01
3.600000000000000089e+00 4.882344875933078043e+01
3.700000000000000178e+00 5.035587451258971470e+01
3.800000000000000266e+00 5.189866746962902511e+01
3.900000000000000355e+00 5.345151662204991538e+01
4.000000000000000000e+00 5.501405644581586074e+01
4.100000000000000533e+00 5.658586442392776661e+01
4.200000000000000178e+00 5.816645848982184930e+01
4.299999999999999822e+00 5.975529439336057891e+01
4.400000000000000355e+00 6.135176299204556472e+01
4.500000000000000000e+00 6.295518747087753297e+01
4.600000000000000533e+00 6.456482049511856758e+01
4.700000000000000178e+00 6.617984130107014096e+01
4.800000000000000711e+00 6.779935273086414327e+01
4.900000000000000355e+00 6.942237821816348742e+01
5.000000000000000000e+00 7.104785873258161644e+01
5.100000000000000533e+00 7.267464969154492849e+01
5.200000000000000178e+00 7.430151784923738489e+01
5.300000000000000711e+00 7.592713817316777636e+01
5.400000000000000355e+00 7.755009071978545876e+01
5.500000000000000000e+00 7.916885752142788135e+01
5.600000000000000533e+00 8.078181949770534231e+01
5.700000000000000178e+00 8.238725340520768725e+01
5.800000000000000711e+00 8.398332884014337196e+01
5.900000000000000355e+00 8.556810530918664881e+01
6.000000000000000000e+00 8.713952938440432661e+01
6.100000000000000533e+00 8.869543195865077223e+01
6.200000000000000178e+00 9.023352561825188900e+01
6.300000000000000711e+00 9.175140215013685463e+01
6.400000000000000355e+00 9.324653020081314025e+01
6.500000000000000000e+00 9.471625310471118553e+01
6.600000000000000533e+00 9.615778689944050939e+01
6.700000000000000178e+00 9.756821854539860794e+01
6.800000000000000711e+00 9.894450436694737050e+01
6.900000000000000355e+00 1.002834687320219444e+02
7.000000000000000000e+00 1.015818029865563545e+02
7.100000000000000533e+00 1.028360646594995558e+02
7.200000000000000178e+00 1.040426769534554126e+02
7.300000000000000711e+00 1.051979285351088578e+02
7.400000000000000355e+00 1.062979736386017748e+02
7.500000000000000000e+00 1.073388324938994316e+02
7.600000000000000533e+00 1.083163920909449445e+02
7.700000000000000178e+00 1.092264072890408642e+02
7.800000000000000711e+00 1.100645022794322756e+02
7.900000000000000355e+00 1.108261724074994561e+02
8.000000000000000000e+00 1.115067863593132103e+02
8.099999999999999645e+00 1.121015887155685391e+02
8.200000000000001066e+00 1.126057028741078483e+02
8.300000000000000711e+00 1.130141343403814034e+02
8.400000000000000355e+00 1.133217743832857991e+02
8.500000000000000000e+00 1.135234040518832472e+02
8.599999999999999645e+00 1.136136985465511628e+02
8.700000000000001066e+00 1.135872319361545806e+02
8.800000000000000711e+00 1.134384822108913085e+02
8.900000000000000355e+00 1.131618366585458233e+02
9.000000000000000000e+00 1.127515975500151626e+02
9.099999999999999645e+00 1.122019881181589511e+02
9.200000000000001066e+00 1.115071588122854394e+02
9.300000000000000711e+00 1.106611938089335752e+02
9.400000000000000355e+00 1.096581177580607260e+02
9.500000000000000000e+00 1.084919027423095059e+02
9.600000000000001421e+00 1.071564754257173462e+02
9.700000000000001066e+00 1.056457243670614048e+02
9.800000000000000711e+00 1.039535074720061232e+02
9.900000000000000355e+00 1.020736595573544179e+02
1.000000000000000000e+01 1.000000000000000000e+02
