t = 8.710000
x    u(x,t)
0.000000000000000000e+00 0.000000000000000000e+00
1.000000000000000056e-01 1.339605316820267067e+00
2.000000000000000111e-01 2.679712762188590336e+00
3.000000000000000444e-01 4.020823382497606069e+00
4.000000000000000222e-01 5.363436058656641414e+00
5.000000000000000000e-01 6.708046420404447652e+00
6.000000000000000888e-01 8.055145757046879851e+00
7.000000000000000666e-01 9.405219923361457290e+00
8.000000000000000444e-01 1.075874823935513724e+01
9.000000000000000222e-01 1.211620238249390979e+01
1.000000000000000000e+00 1.347804527094409721e+01
1.100000000000000089e+00 1.484472993627685966e+01
1.200000000000000178e+00 1.621669838399067132e+01
1.300000000000000044e+00 1.759438044010373048e+01
1.400000000000000133e+00 1.897819258196046732e+01
1.500000000000000000e+00 2.036853675128640617e+01
1.600000000000000089e+00 2.176579914741540733e+01
1.700000000000000178e+00 2.317034899850471774e+01
1.800000000000000044e+00 2.458253730844979046e+01
1.900000000000000133e+00 2.600269557711360235e+01
2.000000000000000000e+00 2.743113449139810101e+01
2.100000000000000089e+00 2.886814258461013338e+01
2.200000000000000178e+00 3.031398486151360672e+01
2.300000000000000266e+00 3.176890138641700290e+01
2.400000000000000355e+00 3.323310583162177068e+01
2.500000000000000000e+00 3.470678398355691741e+01
2.600000000000000089e+00 3.619009220394937643e+01
2.700000000000000178e+00 3.768315584343122993e+01
2.800000000000000266e+00 3.918606760506627040e+01
2.900000000000000355e+00 4.069888585539041514e+01
3.000000000000000000e+00 4.222163288070659348e+01
3.100000000000000089e+00 4.375429308655545668e+01
3.200000000000000178e+00 4.529681113849964902e+01
3.300000000000000266e+00 4.684909004261451315e+01
3.400000000000000355e+00 4.841098916436915545e+01
3.500000000000000000e+00 4.998232218491351375e+01
3.600000000000000089e+00 5.156285499415607632e+01
3.700000000000000178e+00 5.315230352042465967e+01
3.800000000000000266e+00 5.475033149694897361e+01
3.900000000000000355e+00 5.635654816588502314e+01
4.000000000000000000e+00 5.797050592111997247e+01
4.100000000000000533e+00 5.959169789164726438e+01
4.200000000000000178e+00 6.121955546788419866e+01
4.299999999999999822e+00 6.285344577391582277e+01
4.400000000000000355e+00 6.449266908928514397e+01
4.500000000000000000e+00 6.613645622460965967e+01
4.600000000000000533e+00 6.778396585598035529e+01
4.700000000000000178e+00 6.943428182379099667e+01
4.800000000000000711e+00 7.108641040234572017e+01
4.900000000000000355e+00 7.273927754729773199e+01
5.000000000000000000e+00 7.439172612867574230e+01
5.100000000000000533e+00 7.604251315795191601e+01
5.200000000000000178e+00 7.769030701829008478e+01
5.300000000000000711e+00 7.933368470777958237e+01
5.400000000000000355e+00 8.097112910610179881e+01
5.500000000000000000e+00 8.260102627568797118e+01
5.600000000000000533e+00 8.422166280900052016e+01
5.700000000000000178e+00 8.583122323410074728e+01
5.800000000000000711e+00 8.742778749114616232e+01
5.900000000000000355e+00 8.900932849288550130e+01
6.000000000000000000e+00 9.057370978258187222e+01
6.100000000000000533e+00 9.211868330308929842e+01
6.200000000000000178e+00 9.364188729102980346e+01
6.300000000000000711e+00 9.514084431016124199e+01
6.400000000000000355e+00 9.661295943808683262e+01
6.500000000000000000e+00 9.805551862043060396e+01
6.600000000000000533e+00 9.946568720648549800e+01
6.700000000000000178e+00 1.008405086801311370e+02
6.800000000000000711e+00 1.021769035995100694e+02
6.900000000000000355e+00 1.034716687585481765e+02
7.000000000000000000e+00 1.047214765829019143e+02
7.100000000000000533e+00 1.059228747723139037e+02
7.200000000000000178e+00 1.070722862006602583e+02
7.300000000000000711e+00 1.081660090841772330e+02
7.400000000000000355e+00 1.092002174274671376e+02
7.500000000000000000e+00 1.101709617559043579e+02
7.600000000000000533e+00 1.110741701419965608e+02
7.700000000000000178e+00 1.119056495321110134e+02
7.800000000000000711e+00 1.126610873787530522e+02
7.900000000000000355e+00 1.133360535822935873e+02
8.000000000000000000e+00 1.139260027446903081e+02
8.099999999999999645e+00 1.144262767363415350e+02
8.200000000000001066e+00 1.148321075757613841e+02
8.300000000000000711e+00 1.151386206202791698e+02
8.400000000000000355e+00 1.153408380644538482e+02
8.500000000000000000e+00 1.154336827413676758e+02
8.599999999999999645e+00 1.154119822204311703e+02
8.700000000000001066e+00 1.152704731938050458e+02
8.800000000000000711e+00 1.150038061420358559e+02
8.900000000000000355e+00 1.146065502680200296e+02
9.000000000000000000e+00 1.140731986869685812e+02
9.099999999999999645e+00 1.133981738586521146e+02
9.200000000000001066e+00 1.125758332468723353e+02
9.300000000000000711e+00 1.116004751898446870e+02
9.400000000000000355e+00 1.104663449639945583e+02
9.500000000000000000e+00 1.091676410225769587e+02
9.600000000000001421e+00 1.076985213895356566e+02
9.700000000000001066e+00 1.060531101881296649e+02
9.800000000000000711e+00 1.042255042830795020e+02
9.900000000000000355e+00 1.022097800143306614e+02
1.000000000000000000e+01 1.000000000000000000e+02
