t = 7.960000
x    u(x,t)
0.000000000000000000e+00 0.000000000000000000e+00
1.000000000000000056e-01 1.245026851039183091e+00
2.000000000000000111e-01 2.490595735943299527e+00
3.000000000000000444e-01 3.737247638100170910e+00
4.000000000000000222e-01 4.985521439491818363e+00
5.000000000000000000e-01 6.235952868838174012e+00
6.000000000000000888e-01 7.489073448288587898e+00
7.000000000000000666e-01 8.745409438064401186e+00
8.000000000000000444e-01 1.000548077836110927e+01
9.000000000000000222e-01 1.126980002770233824e+01
1.000000000000000000e+00 1.253887129680163248e+01
1.100000000000000089e+00 1.381318917683357839e+01
1.200000000000000178e+00 1.509323766084489193e+01
1.300000000000000044e+00 1.637948905685138001e+01
1.400000000000000133e+00 1.767240289097018646e+01
1.500000000000000000e+00 1.897242479873159482e+01
1.600000000000000089e+00 2.027998540250346693e+01
1.700000000000000178e+00 2.159549917274721409e+01
1.800000000000000044e+00 2.291936327061059586e+01
1.900000000000000133e+00 2.425195636915268338e+01
2.000000000000000000e+00 2.559363745029330417e+01
2.100000000000000089e+00 2.694474457438772319e+01
2.200000000000000178e+00 2.830559361914922434e+01
2.300000000000000266e+00 2.967647698448328697e+01
2.400000000000000355e+00 3.105766225965884786e+01
2.500000000000000000e+00 3.244939084913005445e+01
2.600000000000000089e+00 3.385187655323826306e+01
2.700000000000000178e+00 3.526530409997310755e+01
2.800000000000000266e+00 3.668982762395634012e+01
2.900000000000000355e+00 3.812556908883526319e+01
3.000000000000000000e+00 3.957261664933884049e+01
3.100000000000000089e+00 4.103102294935921179e+01
3.200000000000000178e+00 4.250080335257897701e+01
3.300000000000000266e+00 4.398193410237146139e+01
3.400000000000000355e+00 4.547435040795853922e+01
3.500000000000000000e+00 4.697794445412133513e+01
3.600000000000000089e+00 4.849256333212305492e+01
3.700000000000000178e+00 5.001800688992154420e+01
3.800000000000000266e+00 5.155402550022210306e+01
3.900000000000000355e+00 5.310031774544735583e+01
4.000000000000000000e+00 5.465652801928150240e+01
4.100000000000000533e+00 5.622224404507739592e+01
4.200000000000000178e+00 5.779699431209727578e+01
4.299999999999999822e+00 5.938024543128586430e+01
4.400000000000000355e+00 6.097139941304797617e+01
4.500000000000000000e+00 6.256979087031591291e+01
4.600000000000000533e+00 6.417468415104175961e+01
4.700000000000000178e+00 6.578527040512946655e+01
4.800000000000000711e+00 6.740066459172906832e+01
4.900000000000000355e+00 6.901990243374078204e+01
5.000000000000000000e+00 7.064193732731673947e+01
5.100000000000000533e+00 7.226563721509337768e+01
5.200000000000000178e+00 7.388978143283218003e+01
5.300000000000000711e+00 7.551305754008167526e+01
5.400000000000000355e+00 7.713405814639179425e+01
5.500000000000000000e+00 7.875127774550313120e+01
5.600000000000000533e+00 8.036310957079183481e+01
5.700000000000000178e+00 8.196784248606464018e+01
5.800000000000000711e+00 8.356365792655938662e+01
5.900000000000000355e+00 8.514862690570691939e+01
6.000000000000000000e+00 8.672070710383968617e+01
6.100000000000000533e+00 8.827774005558221404e+01
6.200000000000000178e+00 8.981744845312260850e+01
6.300000000000000711e+00 9.133743358293088477e+01
6.400000000000000355e+00 9.283517291375486025e+01
6.500000000000000000e+00 9.430801785387829739e+01
6.600000000000000533e+00 9.575319169566445510e+01
6.700000000000000178e+00 9.716778776532420636e+01
6.800000000000000711e+00 9.854876779563711864e+01
6.900000000000000355e+00 9.989296053901372829e+01
7.000000000000000000e+00 1.011970606378127542e+02
7.100000000000000533e+00 1.024576277682184298e+02
7.200000000000000178e+00 1.036710860732400477e+02
7.300000000000000711e+00 1.048337238995159026e+02
7.400000000000000355e+00 1.059416938515936550e+02
7.500000000000000000e+00 1.069910131762178480e+02
7.600000000000000533e+00 1.079775644878892678e+02
7.700000000000000178e+00 1.088970968455757742e+02
7.800000000000000711e+00 1.097452271889563207e+02
7.900000000000000355e+00 1.105174421409769536e+02
8.000000000000000000e+00 1.112091001818014178e+02
8.099999999999999645e+00 1.118154341974563835e+02
8.200000000000001066e+00 1.123315544046169521e+02
8.300000000000000711e+00 1.127524516510632111e+02
8.400000000000000355e+00 1.130730010893755377e+02
8.500000000000000000e+00 1.132879662194412305e+02
8.599999999999999645e+00 1.133920032933313706e+02
8.700000000000001066e+00 1.133796660740896698e+02
8.800000000000000711e+00 1.132454109379704050e+02
8.900000000000000355e+00 1.129836023076862546e+02
9.000000000000000000e+00 1.125885184022940564e+02
9.099999999999999645e+00 1.120543572874738345e+02
9.200000000000001066e+00 1.113752432081580110e+02
9.300000000000000711e+00 1.105452331837604305e+02
9.400000000000000355e+00 1.095583238446501753e+02
9.500000000000000000e+00 1.084084584870297050e+02
9.600000000000001421e+00 1.070895343220214357e+02
9.700000000000001066e+00 1.055954098935542618e+02
9.800000000000000711e+00 1.039199126385809393e+02
9.900000000000000355e+00 1.020568465622589116e+02
1.000000000000000000e+01 1.000000000000000000e+02
