t = 8.580000
x    u(x,t)
0.000000000000000000e+00 0.000000000000000000e+00
1.000000000000000056e-01 1.323319255693379493e+00
2.000000000000000111e-01 2.647147650440843769e+00
3.000000000000000444e-01 3.971993248454264158e+00
4.000000000000000222e-01 5.298361963187534940e+00
5.000000000000000000e-01 6.626756479257695176e+00
6.000000000000000888e-01 7.957675171081562304e+00
7.000000000000000666e-01 9.291611017059455691e+00
8.000000000000000444e-01 1.062905050807592033e+01
9.000000000000000222e-01 1.197047254901210245e+01
1.000000000000000000e+00 1.331634735187680008e+01
1.100000000000000089e+00 1.466713531906458279e+01
1.200000000000000178e+00 1.602328591514114819e+01
1.300000000000000044e+00 1.738523652544072462e+01
1.400000000000000133e+00 1.875341129963873144e+01
1.500000000000000000e+00 2.012821997833851384e+01
1.600000000000000089e+00 2.151005670058509978e+01
1.700000000000000178e+00 2.289929879009433122e+01
1.800000000000000044e+00 2.429630551786532777e+01
1.900000000000000133e+00 2.570141683873003657e+01
2.000000000000000000e+00 2.711495209928877514e+01
2.100000000000000089e+00 2.853720871458814656e+01
2.200000000000000178e+00 2.996846081081928403e+01
2.300000000000000266e+00 3.140895783125449725e+01
2.400000000000000355e+00 3.285892310259989557e+01
2.500000000000000000e+00 3.431855235892488309e+01
2.600000000000000089e+00 3.578801222033796137e+01
2.700000000000000178e+00 3.726743862361512072e+01
2.800000000000000266e+00 3.875693520205484788e+01
2.900000000000000355e+00 4.025657161193326061e+01
3.000000000000000000e+00 4.176638180306832027e+01
3.100000000000000089e+00 4.328636223117323567e+01
3.200000000000000178e+00 4.481647000988840546e+01
3.300000000000000266e+00 4.635662100063032653e+01
3.400000000000000355e+00 4.790668783868414948e+01
3.500000000000000000e+00 4.946649789429667265e+01
3.600000000000000089e+00 5.103583116789680219e+01
3.700000000000000178e+00 5.261441811898237120e+01
3.800000000000000266e+00 5.420193742866420905e+01
3.900000000000000355e+00 5.579801369634940045e+01
4.000000000000000000e+00 5.740221507157526304e+01
4.100000000000000533e+00 5.901405082257176815e+01
4.200000000000000178e+00 6.063296884372971363e+01
4.299999999999999822e+00 6.225835310478345974e+01
4.400000000000000355e+00 6.388952104517646546e+01
4.500000000000000000e+00 6.552572091776288232e+01
4.600000000000000533e+00 6.716612908670332160e+01
4.700000000000000178e+00 6.880984728513442406e+01
4.800000000000000711e+00 7.045589983892595853e+01
4.900000000000000355e+00 7.210323086357792022e+01
5.000000000000000000e+00 7.375070144205193401e+01
5.100000000000000533e+00 7.539708679206614761e+01
5.200000000000000178e+00 7.704107343210893077e+01
5.300000000000000711e+00 7.868125635613318991e+01
5.400000000000000355e+00 8.031613622757814142e+01
5.500000000000000000e+00 8.194411660401848962e+01
5.600000000000000533e+00 8.356350120435692475e+01
5.700000000000000178e+00 8.517249123104984676e+01
5.800000000000000711e+00 8.676918276037662281e+01
5.900000000000000355e+00 8.835156421422854578e+01
6.000000000000000000e+00 8.991751392729500481e+01
6.100000000000000533e+00 9.146479782385507917e+01
6.200000000000000178e+00 9.299106721863982727e+01
6.300000000000000711e+00 9.449385675640449733e+01
6.400000000000000355e+00 9.597058250493874709e+01
6.500000000000000000e+00 9.741854021624121174e+01
6.600000000000000533e+00 9.883490377048725861e+01
6.700000000000000178e+00 1.002167238172250450e+02
6.800000000000000711e+00 1.015609266279386560e+02
6.900000000000000355e+00 1.028643131737194238e+02
7.000000000000000000e+00 1.041235584412854962e+02
7.100000000000000533e+00 1.053352109999834454e+02
7.200000000000000178e+00 1.064956928316977951e+02
7.300000000000000711e+00 1.076012994347833285e+02
7.400000000000000355e+00 1.086482002122249071e+02
7.500000000000000000e+00 1.096324391532241833e+02
7.600000000000000533e+00 1.105499358163136634e+02
7.700000000000000178e+00 1.113964866209151552e+02
7.800000000000000711e+00 1.121677664529924954e+02
7.900000000000000355e+00 1.128593305891108685e+02
8.000000000000000000e+00 1.134666169418077004e+02
8.099999999999999645e+00 1.139849486277178414e+02
8.200000000000001066e+00 1.144095368583831629e+02
8.300000000000000711e+00 1.147354841521253093e+02
8.400000000000000355e+00 1.149577878637811637e+02
8.500000000000000000e+00 1.150713440275021782e+02
8.599999999999999645e+00 1.150709515062152519e+02
8.700000000000001066e+00 1.149513164397426976e+02
8.800000000000000711e+00 1.147070569819960184e+02
8.900000000000000355e+00 1.143327083161031936e+02
9.000000000000000000e+00 1.138227279348131447e+02
9.099999999999999645e+00 1.131715011720585409e+02
9.200000000000001066e+00 1.123733469701551257e+02
9.300000000000000711e+00 1.114225238657891026e+02
9.400000000000000355e+00 1.103132361766992062e+02
9.500000000000000000e+00 1.090396403698109111e+02
9.600000000000001421e+00 1.075958515905312822e+02
9.700000000000001066e+00 1.059759503319802860e+02
9.800000000000000711e+00 1.041739892221140877e+02
9.900000000000000355e+00 1.021839999060072586e+02
1.000000000000000000e+01 1.000000000000000000e+02
