t = 6.360000
x    u(x,t)
0.000000000000000000e+00 0.000000000000000000e+00
1.000000000000000056e-01 1.038298024288806465e+00
2.000000000000000111e-01 2.077223307949933595e+00
3.000000000000000444e-01 3.117401989259798167e+00
4.000000000000000222e-01 4.159457966931859652e+00
5.000000000000000000e-01 5.204011786852263732e+00
6.000000000000000888e-01 6.251679536482528832e+00
7.000000000000000666e-01 7.303071749230532816e+00
8.000000000000000444e-01 8.358792320875899406e+00
9.000000000000000222e-01 9.419437439870458562e+00
1.000000000000000000e+00 1.048559453302114797e+01
1.100000000000000089e+00 1.155784122770446132e+01
1.200000000000000178e+00 1.263674433136109165e+01
1.300000000000000044e+00 1.372285882858106199e+01
1.400000000000000133e+00 1.481672689561646017e+01
1.500000000000000000e+00 1.591887693165613094e+01
1.600000000000000089e+00 1.702982260566815143e+01
1.700000000000000178e+00 1.815006191706703831e+01
1.800000000000000044e+00 1.928007626789854712e+01
1.900000000000000133e+00 2.042032954366061048e+01
2.000000000000000000e+00 2.157126719930087688e+01
2.100000000000000089e+00 2.273331534635453011e+01
2.200000000000000178e+00 2.390687983661668525e+01
2.300000000000000266e+00 2.509234533718853299e+01
2.400000000000000355e+00 2.629007439120052325e+01
2.500000000000000000e+00 2.750040645800650907e+01
2.600000000000000089e+00 2.872365692616593691e+01
2.700000000000000178e+00 2.996011609209296012e+01
2.800000000000000266e+00 3.121004809685872061e+01
2.900000000000000355e+00 3.247368981329113780e+01
3.000000000000000000e+00 3.375124967523321118e+01
3.100000000000000089e+00 3.504290644060047555e+01
3.200000000000000178e+00 3.634880787972794991e+01
3.300000000000000266e+00 3.766906938042207287e+01
3.400000000000000355e+00 3.900377246113853857e+01
3.500000000000000000e+00 4.035296318379912606e+01
3.600000000000000089e+00 4.171665045794323134e+01
3.700000000000000178e+00 4.309480422818760559e+01
3.800000000000000266e+00 4.448735353734537767e+01
3.900000000000000355e+00 4.589418445803453750e+01
4.000000000000000000e+00 4.731513788619161431e+01
4.100000000000000533e+00 4.875000719059834609e+01
4.200000000000000178e+00 5.019853571333105435e+01
4.299999999999999822e+00 5.166041411695201191e+01
4.400000000000000355e+00 5.313527757528171946e+01
4.500000000000000000e+00 5.462270280571772219e+01
4.600000000000000533e+00 5.612220494229642043e+01
4.700000000000000178e+00 5.763323425002676004e+01
4.800000000000000711e+00 5.915517268245336879e+01
4.900000000000000355e+00 6.068733028592514245e+01
5.000000000000000000e+00 6.222894145564652746e+01
5.100000000000000533e+00 6.377916105026324800e+01
5.200000000000000178e+00 6.533706037347324980e+01
5.300000000000000711e+00 6.690162303294354729e+01
5.400000000000000355e+00 6.847174068864379137e+01
5.500000000000000000e+00 7.004620870456126625e+01
5.600000000000000533e+00 7.162372171962653056e+01
5.700000000000000178e+00 7.320286915553556639e+01
5.800000000000000711e+00 7.478213068098585836e+01
5.900000000000000355e+00 7.635987165363219731e+01
6.000000000000000000e+00 7.793433856279328609e+01
6.100000000000000533e+00 7.950365449758173497e+01
6.200000000000000178e+00 8.106581466666864344e+01
6.300000000000000711e+00 8.261868199730751883e+01
6.400000000000000355e+00 8.415998284251031691e+01
6.500000000000000000e+00 8.568730282637235973e+01
6.600000000000000533e+00 8.719808285845894602e+01
6.700000000000000178e+00 8.868961534888070730e+01
6.800000000000000711e+00 9.015904065617368701e+01
6.900000000000000355e+00 9.160334380035278912e+01
7.000000000000000000e+00 9.301935147350391730e+01
7.100000000000000533e+00 9.440372938001138436e+01
7.200000000000000178e+00 9.575297993797082086e+01
7.300000000000000711e+00 9.706344037250617873e+01
7.400000000000000355e+00 9.833128123058681069e+01
7.500000000000000000e+00 9.955250534552564545e+01
7.600000000000000533e+00 1.007229472776307801e+02
7.700000000000000178e+00 1.018382732554878487e+02
7.800000000000000711e+00 1.028939816400715443e+02
7.900000000000000355e+00 1.038854039313383879e+02
8.000000000000000000e+00 1.048077063341472126e+02
8.099999999999999645e+00 1.056558918973122019e+02
8.200000000000001066e+00 1.064248032363313001e+02
8.300000000000000711e+00 1.071091258468786691e+02
8.400000000000000355e+00 1.077033920125268196e+02
8.500000000000000000e+00 1.082019853064038983e+02
8.599999999999999645e+00 1.085991456826272241e+02
8.700000000000001066e+00 1.088889751494156286e+02
8.800000000000000711e+00 1.090654440118111381e+02
8.900000000000000355e+00 1.091223976679686274e+02
9.000000000000000000e+00 1.090535639390404015e+02
9.099999999999999645e+00 1.088525609088285222e+02
9.200000000000001066e+00 1.085129052456395868e+02
9.300000000000000711e+00 1.080280209751935843e+02
9.400000000000000355e+00 1.073912486700452718e+02
9.500000000000000000e+00 1.065958550178104360e+02
9.600000000000001421e+00 1.056350427275824444e+02
9.700000000000001066e+00 1.045019607313083867e+02
9.800000000000000711e+00 1.031897146345961431e+02
9.900000000000000355e+00 1.016913773694697340e+02
1.000000000000000000e+01 1.000000000000000000e+02
