t = 3.260000
x    u(x,t)
0.000000000000000000e+00 0.000000000000000000e+00
1.000000000000000056e-01 6.141973551851628299e-01
2.000000000000000111e-01 1.229278518091520667e+00
3.000000000000000444e-01 1.846124582853331031e+00
4.000000000000000222e-01 2.465611241408728116e+00
5.000000000000000000e-01 3.088606144459246750e+00
6.000000000000000888e-01 3.715966335823644773e+00
7.000000000000000666e-01 4.348535782883759637e+00
8.000000000000000444e-01 4.987143024353528631e+00
9.000000000000000222e-01 5.632598954827335191e+00
1.000000000000000000e+00 6.285694763517027717e+00
1.100000000000000089e+00 6.947200042309744639e+00
1.200000000000000178e+00 7.617861075816110272e+00
1.300000000000000044e+00 8.298399323478639289e+00
1.400000000000000133e+00 8.989510101121945596e+00
1.500000000000000000e+00 9.691861466599158703e+00
1.600000000000000089e+00 1.040609331147052075e+01
1.700000000000000178e+00 1.113281665798571751e+01
1.800000000000000044e+00 1.187261315807348794e+01
1.900000000000000133e+00 1.262603478860711625e+01
2.000000000000000000e+00 1.339360373494517908e+01
2.100000000000000089e+00 1.417581245266925194e+01
2.200000000000000178e+00 1.497312389557328061e+01
2.300000000000000266e+00 1.578597189631687492e+01
2.400000000000000355e+00 1.661476168474182913e+01
2.500000000000000000e+00 1.745987052766806258e+01
2.600000000000000089e+00 1.832164847302433586e+01
2.700000000000000178e+00 1.920041918041782836e+01
2.800000000000000266e+00 2.009648081968683897e+01
2.900000000000000355e+00 2.101010701858907836e+01
3.000000000000000000e+00 2.194154784052837215e+01
3.100000000000000089e+00 2.289103077308471512e+01
3.200000000000000178e+00 2.385876170805570240e+01
3.300000000000000266e+00 2.484492589370847426e+01
3.400000000000000355e+00 2.584968883994849875e+01
3.500000000000000000e+00 2.687319715710340873e+01
3.600000000000000089e+00 2.791557930896804507e+01
3.700000000000000178e+00 2.897694626063434242e+01
3.800000000000000266e+00 3.005739200141589151e+01
3.900000000000000355e+00 3.115699392285320357e+01
4.000000000000000000e+00 3.227581303134338242e+01
4.100000000000000533e+00 3.341389397436955733e+01
4.200000000000000178e+00 3.457126485861554954e+01
4.299999999999999822e+00 3.574793683744869099e+01
4.400000000000000355e+00 3.694390344435681328e+01
4.500000000000000000e+00 3.815913964796133939e+01
4.600000000000000533e+00 3.939360060323062385e+01
4.700000000000000178e+00 4.064722007253136127e+01
4.800000000000000711e+00 4.191990848923126833e+01
4.900000000000000355e+00 4.321155063576367894e+01
5.000000000000000000e+00 4.452200290745165745e+01
5.100000000000000533e+00 4.585109013303659964e+01
5.200000000000000178e+00 4.719860192284610889e+01
5.300000000000000711e+00 4.856428851594727547e+01
5.400000000000000355e+00 4.994785609855041031e+01
5.500000000000000000e+00 5.134896156743963758e+01
5.600000000000000533e+00 5.276720671439206001e+01
5.700000000000000178e+00 5.420213181048582385e+01
5.800000000000000711e+00 5.565320857295873225e+01
5.900000000000000355e+00 5.711983250192477612e+01
6.000000000000000000e+00 5.860131457983351311e+01
6.100000000000000533e+00 6.009687233309640675e+01
6.200000000000000178e+00 6.160562026281991166e+01
6.300000000000000711e+00 6.312655966006345665e+01
6.400000000000000355e+00 6.465856783045033751e+01
6.500000000000000000e+00 6.620038676323710547e+01
6.600000000000000533e+00 6.775061129100133428e+01
6.700000000000000178e+00 6.930767679782138657e+01
6.800000000000000711e+00 7.086984654603968181e+01
6.900000000000000355e+00 7.243519870424630369e+01
7.000000000000000000e+00 7.400161317178121578e+01
7.100000000000000533e+00 7.556675830759448331e+01
7.200000000000000178e+00 7.712807768346713999e+01
7.300000000000000711e+00 7.868277699310192475e+01
7.400000000000000355e+00 8.022781125914957556e+01
7.500000000000000000e+00 8.175987248954747599e+01
7.600000000000000533e+00 8.327537794230862289e+01
7.700000000000000178e+00 8.477045916382206769e+01
7.800000000000000711e+00 8.624095196953068410e+01
7.900000000000000355e+00 8.768238753728810764e+01
8.000000000000000000e+00 8.908998478254075337e+01
8.099999999999999645e+00 9.045864418055482759e+01
8.200000000000001066e+00 9.178294319408063018e+01
8.300000000000000711e+00 9.305713345503882294e+01
8.400000000000000355e+00 9.427513983601457426e+01
8.500000000000000000e+00 9.543056153160182475e+01
8.599999999999999645e+00 9.651667525107656331e+01
8.700000000000001066e+00 9.752644060267834902e+01
8.800000000000000711e+00 9.845250772620654800e+01
8.900000000000000355e+00 9.928722720501359333e+01
9.000000000000000000e+00 1.000226622611893532e+02
9.099999999999999645e+00 1.006506032092191276e+02
9.200000000000001066e+00 1.011625841141492259e+02
9.300000000000000711e+00 1.015499015708290926e+02
9.400000000000000355e+00 1.018036354916675208e+02
9.500000000000000000e+00 1.019146717620940592e+02
9.600000000000001421e+00 1.018737265961145795e+02
9.700000000000001066e+00 1.016713723995259357e+02
9.800000000000000711e+00 1.012980649260184123e+02
9.900000000000000355e+00 1.007441714920065436e+02
1.000000000000000000e+01 1.000000000000000000e+02
