t = 0.080000
x    u(x,t)
0.000000000000000000e+00 0.000000000000000000e+00
1.000000000000000056e-01 5.364175072300195884e-02
2.000000000000000111e-01 1.129055607312342002e-01
3.000000000000000444e-01 1.827020148849045622e-01
4.000000000000000222e-01 2.667941805407326727e-01
5.000000000000000000e-01 3.677326325613294311e-01
6.000000000000000888e-01 4.870625520193607172e-01
7.000000000000000666e-01 6.256304065050728447e-01
8.000000000000000444e-01 7.838604306146411682e-01
9.000000000000000222e-01 9.619493037725309614e-01
1.000000000000000000e+00 1.159982218743088600e+00
1.100000000000000089e+00 1.377993956797296082e+00
1.200000000000000178e+00 1.615998003625919610e+00
1.300000000000000044e+00 1.873999357187396519e+00
1.400000000000000133e+00 2.151999797767133238e+00
1.500000000000000000e+00 2.449999937701712760e+00
1.600000000000000089e+00 2.767999981173067781e+00
1.700000000000000178e+00 3.105999994409017972e+00
1.800000000000000044e+00 3.463999998366028787e+00
1.900000000000000133e+00 3.841999999529437382e+00
2.000000000000000000e+00 4.239999999866305380e+00
2.100000000000000089e+00 4.657999999962488147e+00
2.200000000000000178e+00 5.095999999989596851e+00
2.300000000000000266e+00 5.553999999997145665e+00
2.400000000000000355e+00 6.031999999999221984e+00
2.500000000000000000e+00 6.529999999999787086e+00
2.600000000000000089e+00 7.047999999999945864e+00
2.700000000000000178e+00 7.585999999999987864e+00
2.800000000000000266e+00 8.144000000000000128e+00
2.900000000000000355e+00 8.721999999999999531e+00
3.000000000000000000e+00 9.319999999999998508e+00
3.100000000000000089e+00 9.938000000000007716e+00
3.200000000000000178e+00 1.057600000000001295e+01
3.300000000000000266e+00 1.123400000000001242e+01
3.400000000000000355e+00 1.191200000000000614e+01
3.500000000000000000e+00 1.261000000000000121e+01
3.600000000000000089e+00 1.332800000000000828e+01
3.700000000000000178e+00 1.406600000000001138e+01
3.800000000000000266e+00 1.482400000000001228e+01
3.900000000000000355e+00 1.560200000000000564e+01
4.000000000000000000e+00 1.640000000000000568e+01
4.100000000000000533e+00 1.721800000000000352e+01
4.200000000000000178e+00 1.805600000000000449e+01
4.299999999999999822e+00 1.891400000000000503e+01
4.400000000000000355e+00 1.979200000000001225e+01
4.500000000000000000e+00 2.069000000000001549e+01
4.600000000000000533e+00 2.160800000000001475e+01
4.700000000000000178e+00 2.254600000000001359e+01
4.800000000000000711e+00 2.350400000000001199e+01
4.900000000000000355e+00 2.448200000000000998e+01
5.000000000000000000e+00 2.548000000000001464e+01
5.100000000000000533e+00 2.649800000000002242e+01
5.200000000000000178e+00 2.753600000000001202e+01
5.300000000000000711e+00 2.859400000000000830e+01
5.400000000000000355e+00 2.967200000000000060e+01
5.500000000000000000e+00 3.077000000000000313e+01
5.600000000000000533e+00 3.188800000000001589e+01
5.700000000000000178e+00 3.302600000000002467e+01
5.800000000000000711e+00 3.418400000000002592e+01
5.900000000000000355e+00 3.536200000000002319e+01
6.000000000000000000e+00 3.656000000000001648e+01
6.100000000000000533e+00 3.777800000000003422e+01
6.200000000000000178e+00 3.901600000000002666e+01
6.300000000000000711e+00 4.027400000000002223e+01
6.400000000000000355e+00 4.155200000000000671e+01
6.500000000000000000e+00 4.285000000000000142e+01
6.600000000000000533e+00 4.416800000000000637e+01
6.700000000000000178e+00 4.550600000000001444e+01
6.800000000000000711e+00 4.686400000000001143e+01
6.900000000000000355e+00 4.824200000000000443e+01
7.000000000000000000e+00 4.964000000000000057e+01
7.100000000000000533e+00 5.105800000000001404e+01
7.200000000000000178e+00 5.249599999999998090e+01
7.300000000000000711e+00 5.395399999999985852e+01
7.400000000000000355e+00 5.543199999999939820e+01
7.500000000000000000e+00 5.692999999999771887e+01
7.600000000000000533e+00 5.844799999999148099e+01
7.700000000000000178e+00 5.998599999996859822e+01
7.800000000000000711e+00 6.154399999988554981e+01
7.900000000000000355e+00 6.312199999958733798e+01
8.000000000000000000e+00 6.471999999852933172e+01
8.099999999999999645e+00 6.633799999482376109e+01
8.200000000000001066e+00 6.797599998202630900e+01
8.300000000000000711e+00 6.963399993849915859e+01
8.400000000000000355e+00 7.131199979290369129e+01
8.500000000000000000e+00 7.300999931471876891e+01
8.599999999999999645e+00 7.472799777543839639e+01
8.700000000000001066e+00 7.646599292906132916e+01
8.800000000000000711e+00 7.822397803988505416e+01
8.900000000000000355e+00 8.000193352477019459e+01
9.000000000000000000e+00 8.179980440617391935e+01
9.099999999999999645e+00 8.361744234149777810e+01
9.200000000000001066e+00 8.545446473676103949e+01
9.300000000000000711e+00 8.730993447155574927e+01
9.400000000000000355e+00 8.918168807221289285e+01
9.500000000000000000e+00 9.106505895817454643e+01
9.600000000000001421e+00 9.295073598594802888e+01
9.700000000000001066e+00 9.482172216373390938e+01
9.800000000000000711e+00 9.664996116804351800e+01
9.900000000000000355e+00 9.839405925795298913e+01
1.000000000000000000e+01 1.000000000000000000e+02
