t = 7.250000
x    u(x,t)
0.000000000000000000e+00 0.000000000000000000e+00
1.000000000000000056e-01 1.154127432647500617e+00
2.000000000000000111e-01 2.308834107720718620e+00
3.000000000000000444e-01 3.464698215544993687e+00
4.000000000000000222e-01 4.622295842862937931e+00
5.000000000000000000e-01 5.782199922551868099e+00
6.000000000000000888e-01 6.944979185050553561e+00
7.000000000000000666e-01 8.111197111897499923e+00
8.000000000000000444e-01 9.281410891641513672e+00
9.000000000000000222e-01 1.045617037821116924e+01
1.000000000000000000e+00 1.163601705162501432e+01
1.100000000000000089e+00 1.282148298069071934e+01
1.200000000000000178e+00 1.401308978708152075e+01
1.300000000000000044e+00 1.521134760989526313e+01
1.400000000000000133e+00 1.641675406949749672e+01
1.500000000000000000e+00 1.762979322912971725e+01
1.600000000000000089e+00 1.885093455242970251e+01
1.700000000000000178e+00 2.008063185466738432e+01
1.800000000000000044e+00 2.131932224515073671e+01
1.900000000000000133e+00 2.256742505790579756e+01
2.000000000000000000e+00 2.382534076738798490e+01
2.100000000000000089e+00 2.509344988564278722e+01
2.200000000000000178e+00 2.637211183700672379e+01
2.300000000000000266e+00 2.766166380613043430e+01
2.400000000000000355e+00 2.896241955481776031e+01
2.500000000000000000e+00 3.027466820291427396e+01
2.600000000000000089e+00 3.159867296824966587e+01
2.700000000000000178e+00 3.293466986044573730e+01
2.800000000000000266e+00 3.428286632325053063e+01
2.900000000000000355e+00 3.564343981995278199e+01
3.000000000000000000e+00 3.701653635637546813e+01
3.100000000000000089e+00 3.840226893594509505e+01
3.200000000000000178e+00 3.980071594138992452e+01
3.300000000000000266e+00 4.121191943773814614e+01
3.400000000000000355e+00 4.263588339146958361e+01
3.500000000000000000e+00 4.407257180092506843e+01
3.600000000000000089e+00 4.552190673339833182e+01
3.700000000000000178e+00 4.698376626472785489e+01
3.800000000000000266e+00 4.845798231767228259e+01
3.900000000000000355e+00 4.994433839589353141e+01
4.000000000000000000e+00 5.144256721098661700e+01
4.100000000000000533e+00 5.295234820068443327e+01
4.200000000000000178e+00 5.447330493712805577e+01
4.299999999999999822e+00 5.600500242492601188e+01
4.400000000000000355e+00 5.754694428962737618e+01
4.500000000000000000e+00 5.909856985820130149e+01
4.600000000000000533e+00 6.065925113414197511e+01
4.700000000000000178e+00 6.222828967090210739e+01
4.800000000000000711e+00 6.380491334849097740e+01
4.900000000000000355e+00 6.538827305924974098e+01
5.000000000000000000e+00 6.697743931002905526e+01
5.100000000000000533e+00 6.857139874923295508e+01
5.200000000000000178e+00 7.016905062845195573e+01
5.300000000000000711e+00 7.176920320967397515e+01
5.400000000000000355e+00 7.337057013032652719e+01
5.500000000000000000e+00 7.497176673965526561e+01
5.600000000000000533e+00 7.657130642117056141e+01
5.700000000000000178e+00 7.816759691708512037e+01
5.800000000000000711e+00 7.975893667180557145e+01
5.900000000000000355e+00 8.134351121262179163e+01
6.000000000000000000e+00 8.291938958674278126e+01
6.100000000000000533e+00 8.448452087474555583e+01
6.200000000000000178e+00 8.603673080132294615e+01
6.300000000000000711e+00 8.757371846492191025e+01
6.400000000000000355e+00 8.909305320844683251e+01
6.500000000000000000e+00 9.059217165364954383e+01
6.600000000000000533e+00 9.206837492212963525e+01
6.700000000000000178e+00 9.351882606601476766e+01
6.800000000000000711e+00 9.494054773137224856e+01
6.900000000000000355e+00 9.633042007721462596e+01
7.000000000000000000e+00 9.768517897259397387e+01
7.100000000000000533e+00 9.900141449373067815e+01
7.200000000000000178e+00 1.002755697423873755e+02
7.300000000000000711e+00 1.015039400057762720e+02
7.400000000000000355e+00 1.026826722771799751e+02
7.500000000000000000e+00 1.038077651551716940e+02
7.600000000000000533e+00 1.048750691378480440e+02
7.700000000000000178e+00 1.058802873268377027e+02
7.800000000000000711e+00 1.068189765540344922e+02
7.900000000000000355e+00 1.076865489420307682e+02
8.000000000000000000e+00 1.084782739071077913e+02
8.099999999999999645e+00 1.091892806113901315e+02
8.200000000000001066e+00 1.098145608684031629e+02
8.300000000000000711e+00 1.103489725038036653e+02
8.400000000000000355e+00 1.107872431705041691e+02
8.500000000000000000e+00 1.111239746147957845e+02
8.599999999999999645e+00 1.113536473874205797e+02
8.700000000000001066e+00 1.114706259908650878e+02
8.800000000000000711e+00 1.114691644514715279e+02
8.900000000000000355e+00 1.113434123023104263e+02
9.000000000000000000e+00 1.110874209601521869e+02
9.099999999999999645e+00 1.106951504773393253e+02
9.200000000000001066e+00 1.101604766469159813e+02
9.300000000000000711e+00 1.094771984370413946e+02
9.400000000000000355e+00 1.086390457285186812e+02
9.500000000000000000e+00 1.076396873272309733e+02
9.600000000000001421e+00 1.064727392214124677e+02
9.700000000000001066e+00 1.051317730520089953e+02
9.800000000000000711e+00 1.036103247629184523e+02
9.900000000000000355e+00 1.019019033966584118e+02
1.000000000000000000e+01 1.000000000000000000e+02
