t = 8.160000
x    u(x,t)
0.000000000000000000e+00 0.000000000000000000e+00
1.000000000000000056e-01 1.270393700297432593e+00
2.000000000000000111e-01 2.541318902586065853e+00
3.000000000000000444e-01 3.813306052673507196e+00
4.000000000000000222e-01 5.086883483319112997e+00
5.000000000000000000e-01 6.362576355985670062e+00
6.000000000000000888e-01 7.640905600462022385e+00
7.000000000000000666e-01 8.922386851547777553e+00
8.000000000000000444e-01 1.020752938190790893e+01
9.000000000000000222e-01 1.149683503010293428e+01
1.000000000000000000e+00 1.279079712268093694e+01
1.100000000000000089e+00 1.408989938908255546e+01
1.200000000000000178e+00 1.539461486796078304e+01
1.300000000000000044e+00 1.670540480335687761e+01
1.400000000000000133e+00 1.802271752900299973e+01
1.500000000000000000e+00 1.934698733884524202e+01
1.600000000000000089e+00 2.067863334169910061e+01
1.700000000000000178e+00 2.201805829776655088e+01
1.800000000000000044e+00 2.336564743456274229e+01
1.900000000000000133e+00 2.472176723962390099e+01
2.000000000000000000e+00 2.608676422719941712e+01
2.100000000000000089e+00 2.746096367597434806e+01
2.200000000000000178e+00 2.884466833472561476e+01
2.300000000000000266e+00 3.023815709269121044e+01
2.400000000000000355e+00 3.164168361132833596e+01
2.500000000000000000e+00 3.305547491405814498e+01
2.600000000000000089e+00 3.447972993054437296e+01
2.700000000000000178e+00 3.591461799203377581e+01
2.800000000000000266e+00 3.736027727430127499e+01
2.900000000000000355e+00 3.881681318479391507e+01
3.000000000000000000e+00 4.028429669065947394e+01
3.100000000000000089e+00 4.176276258447863654e+01
3.200000000000000178e+00 4.325220768469691990e+01
3.300000000000000266e+00 4.475258896797624431e+01
3.400000000000000355e+00 4.626382163095608036e+01
3.500000000000000000e+00 4.778577707923447093e+01
3.600000000000000089e+00 4.931828084174676974e+01
3.700000000000000178e+00 5.086111040913957737e+01
3.800000000000000266e+00 5.241399299520484334e+01
3.900000000000000355e+00 5.397660322095588725e+01
4.000000000000000000e+00 5.554856072149254231e+01
4.100000000000000533e+00 5.712942767641371944e+01
4.200000000000000178e+00 5.871870626519169889e+01
4.299999999999999822e+00 6.031583604961949874e+01
4.400000000000000355e+00 6.192019128617829438e+01
4.500000000000000000e+00 6.353107817194324269e+01
4.600000000000000533e+00 6.514773202844686750e+01
4.700000000000000178e+00 6.676931442874609957e+01
4.800000000000000711e+00 6.839491027378730337e+01
4.900000000000000355e+00 7.002352482502590192e+01
5.000000000000000000e+00 7.165408070112876260e+01
5.100000000000000533e+00 7.328541484746008905e+01
5.200000000000000178e+00 7.491627548792104108e+01
5.300000000000000711e+00 7.654531906956816556e+01
5.400000000000000355e+00 7.817110721127268391e+01
5.500000000000000000e+00 7.979210366848991498e+01
5.600000000000000533e+00 8.140667132698139596e+01
5.700000000000000178e+00 8.301306923905971757e+01
5.800000000000000711e+00 8.460944971660241265e+01
5.900000000000000355e+00 8.619385549569685168e+01
6.000000000000000000e+00 8.776421698832535867e+01
6.100000000000000533e+00 8.931834963697053809e+01
6.200000000000000178e+00 9.085395138840904394e+01
6.300000000000000711e+00 9.236860030325793502e+01
6.400000000000000355e+00 9.385975231803719510e+01
6.500000000000000000e+00 9.532473917660824725e+01
6.600000000000000533e+00 9.676076654783454956e+01
6.700000000000000178e+00 9.816491234618438000e+01
6.800000000000000711e+00 9.953412527175059665e+01
6.900000000000000355e+00 1.008652235857979207e+02
7.000000000000000000e+00 1.021548941374606159e+02
7.100000000000000533e+00 1.033996916566012914e+02
7.200000000000000178e+00 1.045960383271071947e+02
7.300000000000000711e+00 1.057402236540406193e+02
7.400000000000000355e+00 1.068284046370821443e+02
7.500000000000000000e+00 1.078566062616080643e+02
7.600000000000000533e+00 1.088207223175333098e+02
7.700000000000000178e+00 1.097165165547348096e+02
7.800000000000000711e+00 1.105396241824502681e+02
7.900000000000000355e+00 1.112855537185368036e+02
8.000000000000000000e+00 1.119496891928773721e+02
8.099999999999999645e+00 1.125272927075520926e+02
8.200000000000001066e+00 1.130135073546563547e+02
8.300000000000000711e+00 1.134033604908613455e+02
8.400000000000000355e+00 1.136917673659835089e+02
8.500000000000000000e+00 1.138735351009757011e+02
8.599999999999999645e+00 1.139433670088834987e+02
8.700000000000001066e+00 1.138958672504413556e+02
8.800000000000000711e+00 1.137255458141289779e+02
8.900000000000000355e+00 1.134268238086810783e+02
9.000000000000000000e+00 1.129940390542607247e+02
9.099999999999999645e+00 1.124214519567792365e+02
9.200000000000001066e+00 1.117032516481901325e+02
9.300000000000000711e+00 1.108335623740114215e+02
9.400000000000000355e+00 1.098064501078572732e+02
9.500000000000000000e+00 1.086159293713932925e+02
9.600000000000001421e+00 1.072559702368858723e+02
9.700000000000001066e+00 1.057205054884028073e+02
9.800000000000000711e+00 1.040034379167484104e+02
9.900000000000000355e+00 1.020986477223945599e+02
1.000000000000000000e+01 1.000000000000000000e+02
