t = 8.970000
x    u(x,t)
0.000000000000000000e+00 0.000000000000000000e+00
1.000000000000000056e-01 1.372039909414036751e+00
2.000000000000000111e-01 2.744567773799698962e+00
3.000000000000000444e-01 4.118070449579499304e+00
4.000000000000000222e-01 5.493032594736486196e+00
5.000000000000000000e-01 6.869935566229839807e+00
6.000000000000000888e-01 8.249256313340616487e+00
7.000000000000000666e-01 9.631466265538008997e+00
8.000000000000000444e-01 1.101703021341219291e+01
9.000000000000000222e-01 1.240640518116616420e+01
1.000000000000000000e+00 1.380003928909674649e+01
1.100000000000000089e+00 1.519837060442557330e+01
1.200000000000000178e+00 1.660182597876544364e+01
1.300000000000000044e+00 1.801081987042793031e+01
1.400000000000000133e+00 1.942575314969576894e+01
1.500000000000000000e+00 2.084701188510058500e+01
1.600000000000000089e+00 2.227496610866491622e+01
1.700000000000000178e+00 2.370996855798857084e+01
1.800000000000000044e+00 2.515235339298678241e+01
1.900000000000000133e+00 2.660243488502192122e+01
2.000000000000000000e+00 2.806050607611509307e+01
2.100000000000000089e+00 2.952683740588128103e+01
2.200000000000000178e+00 3.100167530380248593e+01
2.300000000000000266e+00 3.248524074444235765e+01
2.400000000000000355e+00 3.397772776321274790e+01
2.500000000000000000e+00 3.547930193033193547e+01
2.600000000000000089e+00 3.699009878066632240e+01
2.700000000000000178e+00 3.851022219722510442e+01
2.800000000000000266e+00 4.003974274618286699e+01
2.900000000000000355e+00 4.157869596143826385e+01
3.000000000000000000e+00 4.312708057688208640e+01
3.100000000000000089e+00 4.468485670474372995e+01
3.200000000000000178e+00 4.625194395861396401e+01
3.300000000000000266e+00 4.782821952000492161e+01
3.400000000000000355e+00 4.941351614760387179e+01
3.500000000000000000e+00 5.100762012870884377e+01
3.600000000000000089e+00 5.261026917269873593e+01
3.700000000000000178e+00 5.422115024678926432e+01
3.800000000000000266e+00 5.583989735475822158e+01
3.900000000000000355e+00 5.746608925978595295e+01
4.000000000000000000e+00 5.909924715305157150e+01
4.100000000000000533e+00 6.073883227024700204e+01
4.200000000000000178e+00 6.238424345871980847e+01
4.299999999999999822e+00 6.403481469852719954e+01
4.400000000000000355e+00 6.568981258127620038e+01
4.500000000000000000e+00 6.734843375123502085e+01
4.600000000000000533e+00 6.900980231382362717e+01
4.700000000000000178e+00 7.067296721722463815e+01
4.800000000000000711e+00 7.233689961349345765e+01
4.900000000000000355e+00 7.400049020618571660e+01
5.000000000000000000e+00 7.566254659215421441e+01
5.100000000000000533e+00 7.732179060579260010e+01
5.200000000000000178e+00 7.897685567461350331e+01
5.300000000000000711e+00 8.062628419563935722e+01
5.400000000000000355e+00 8.226852494264818461e+01
5.500000000000000000e+00 8.390193051485023545e+01
5.600000000000000533e+00 8.552475483806746581e+01
5.700000000000000178e+00 8.713515072994162836e+01
5.800000000000000711e+00 8.873116754110193938e+01
5.900000000000000355e+00 9.031074888457519023e+01
6.000000000000000000e+00 9.187173046601446913e+01
6.100000000000000533e+00 9.341183802755163867e+01
6.200000000000000178e+00 9.492868541823970929e+01
6.300000000000000711e+00 9.641977280413928497e+01
6.400000000000000355e+00 9.788248503111455534e+01
6.500000000000000000e+00 9.931409015333585444e+01
6.600000000000000533e+00 1.007117381403336651e+02
6.700000000000000178e+00 1.020724597752127494e+02
6.800000000000000711e+00 1.033931657563094006e+02
6.900000000000000355e+00 1.046706460141637365e+02
7.000000000000000000e+00 1.059015692551767955e+02
7.100000000000000533e+00 1.070824827427329780e+02
7.200000000000000178e+00 1.082098123258914342e+02
7.300000000000000711e+00 1.092798627249863017e+02
7.400000000000000355e+00 1.102888180826308968e+02
7.500000000000000000e+00 1.112327427876937804e+02
7.600000000000000533e+00 1.121075825788128952e+02
7.700000000000000178e+00 1.129091659329410646e+02
7.800000000000000711e+00 1.136332057432753118e+02
7.900000000000000355e+00 1.142753012897253058e+02
8.000000000000000000e+00 1.148309405038219211e+02
8.099999999999999645e+00 1.152955025286705819e+02
8.200000000000001066e+00 1.156642605732171631e+02
8.300000000000000711e+00 1.159323850587297215e+02
8.400000000000000355e+00 1.160949470540132893e+02
8.500000000000000000e+00 1.161469219944768838e+02
8.599999999999999645e+00 1.160831936787738812e+02
8.700000000000001066e+00 1.158985585353442076e+02
8.800000000000000711e+00 1.155877301498130123e+02
8.900000000000000355e+00 1.151453440428530541e+02
9.000000000000000000e+00 1.145659626868082483e+02
9.099999999999999645e+00 1.138440807481120345e+02
9.200000000000001066e+00 1.129741305413265167e+02
9.300000000000000711e+00 1.119504876794860735e+02
9.400000000000000355e+00 1.107674769043592278e+02
9.500000000000000000e+00 1.094193780792560062e+02
9.600000000000001421e+00 1.079004323261092679e+02
9.700000000000001066e+00 1.062048482877575282e+02
9.800000000000000711e+00 1.043268084956565360e+02
9.900000000000000355e+00 1.022604758226561046e+02
1.000000000000000000e+01 1.000000000000000000e+02
