t = 2.660000
x    u(x,t)
0.000000000000000000e+00 0.000000000000000000e+00
1.000000000000000056e-01 5.263437932583722167e-01
2.000000000000000111e-01 1.053666012095270998e+00
3.000000000000000444e-01 1.582941400368565343e+00
4.000000000000000222e-01 2.115137380104306519e+00
5.000000000000000000e-01 2.651210493819392777e+00
6.000000000000000888e-01 3.192102968552798625e+00
7.000000000000000666e-01 3.738739438606788035e+00
8.000000000000000444e-01 4.292023861061927015e+00
9.000000000000000222e-01 4.852836654603717825e+00
1.000000000000000000e+00 5.422032088174439046e+00
1.100000000000000089e+00 6.000435941542470175e+00
1.200000000000000178e+00 6.588843455171788932e+00
1.300000000000000044e+00 7.188017581890050245e+00
1.400000000000000133e+00 7.798687547908320639e+00
1.500000000000000000e+00 8.421547725850887289e+00
1.600000000000000089e+00 9.057256817714778308e+00
1.700000000000000178e+00 9.706437341192318158e+00
1.800000000000000044e+00 1.036967540864140602e+01
1.900000000000000133e+00 1.104752078424889916e+01
2.000000000000000000e+00 1.174048720165925808e+01
2.100000000000000089e+00 1.244905292157435994e+01
2.200000000000000178e+00 1.317366150659539237e+01
2.300000000000000266e+00 1.391472278888279668e+01
2.400000000000000355e+00 1.467261400504748892e+01
2.500000000000000000e+00 1.544768107203510787e+01
2.600000000000000089e+00 1.624023997758937199e+01
2.700000000000000178e+00 1.705057825913548442e+01
2.800000000000000266e+00 1.787895654555400782e+01
2.900000000000000355e+00 1.872561013725704981e+01
3.000000000000000000e+00 1.959075060116447631e+01
3.100000000000000089e+00 2.047456735853626597e+01
3.200000000000000178e+00 2.137722924507626843e+01
3.300000000000000266e+00 2.229888602421026533e+01
3.400000000000000355e+00 2.323966983588739055e+01
3.500000000000000000e+00 2.419969656459323559e+01
3.600000000000000089e+00 2.517906711143317722e+01
3.700000000000000178e+00 2.617786855609047691e+01
3.800000000000000266e+00 2.719617519513704806e+01
3.900000000000000355e+00 2.823404944353263701e+01
4.000000000000000000e+00 2.929154258615902151e+01
4.100000000000000533e+00 3.036869536587255780e+01
4.200000000000000178e+00 3.146553839380667839e+01
4.299999999999999822e+00 3.258209236650757390e+01
4.400000000000000355e+00 3.371836807294543803e+01
4.500000000000000000e+00 3.487436617252444648e+01
4.600000000000000533e+00 3.605007672294054544e+01
4.700000000000000178e+00 3.724547843414593018e+01
4.800000000000000711e+00 3.846053762182073399e+01
4.900000000000000355e+00 3.969520683068943612e+01
5.000000000000000000e+00 4.094942309482868126e+01
5.100000000000000533e+00 4.222310579888583248e+01
5.200000000000000178e+00 4.351615410097014802e+01
5.300000000000000711e+00 4.482844387501246786e+01
5.400000000000000355e+00 4.615982412775053945e+01
5.500000000000000000e+00 4.751011284333610973e+01
5.600000000000000533e+00 4.887909220703694047e+01
5.700000000000000178e+00 5.026650315879674480e+01
5.800000000000000711e+00 5.167203922769456170e+01
5.900000000000000355e+00 5.309533959979555107e+01
6.000000000000000000e+00 5.453598137468881646e+01
6.100000000000000533e+00 5.599347097033356135e+01
6.200000000000000178e+00 5.746723464184579910e+01
6.300000000000000711e+00 5.895660808768562333e+01
6.400000000000000355e+00 6.046082512646280094e+01
6.500000000000000000e+00 6.197900543933360495e+01
6.600000000000000533e+00 6.351014138674018739e+01
6.700000000000000178e+00 6.505308392402024253e+01
6.800000000000000711e+00 6.660652765809682307e+01
6.900000000000000355e+00 6.816899510689576402e+01
7.000000000000000000e+00 6.973882024410123392e+01
7.100000000000000533e+00 7.131413143405116273e+01
7.200000000000000178e+00 7.289283388461774393e+01
7.300000000000000711e+00 7.447259176936482561e+01
7.400000000000000355e+00 7.605081019361117001e+01
7.500000000000000000e+00 7.762461720167810597e+01
7.600000000000000533e+00 7.919084604393906091e+01
7.700000000000000178e+00 8.074601794165823776e+01
7.800000000000000711e+00 8.228632560432748733e+01
7.900000000000000355e+00 8.380761776761264059e+01
8.000000000000000000e+00 8.530538502944841639e+01
8.099999999999999645e+00 8.677474726667142590e+01
8.200000000000001066e+00 8.821044291431871898e+01
8.300000000000000711e+00 8.960682038390027060e+01
8.400000000000000355e+00 9.095783188525409457e+01
8.500000000000000000e+00 9.225702989881749261e+01
8.599999999999999645e+00 9.349756652126093570e+01
8.700000000000001066e+00 9.467219587755272414e+01
8.800000000000000711e+00 9.577327975695406792e+01
8.900000000000000355e+00 9.679279658965408828e+01
9.000000000000000000e+00 9.772235383538819065e+01
9.099999999999999645e+00 9.855320380624218046e+01
9.200000000000001066e+00 9.927626289388101100e+01
9.300000000000000711e+00 9.988213411772336769e+01
9.400000000000000355e+00 1.003611328562821683e+02
9.500000000000000000e+00 1.007033155702357590e+02
9.600000000000001421e+00 1.008985112740460295e+02
9.700000000000001066e+00 1.009363554643468888e+02
9.800000000000000711e+00 1.008063261690906813e+02
9.900000000000000355e+00 1.004977817426782565e+02
1.000000000000000000e+01 1.000000000000000000e+02
