t = 2.790000
x    u(x,t)
0.000000000000000000e+00 0.000000000000000000e+00
1.000000000000000056e-01 5.456257814864572397e-01
2.000000000000000111e-01 1.092206921783945406e+00
3.000000000000000444e-01 1.640695352399746954e+00
4.000000000000000222e-01 2.192036187155972371e+00
5.000000000000000000e-01 2.747164404988319930e+00
6.000000000000000888e-01 3.307001640870666836e+00
7.000000000000000666e-01 3.872453117883975615e+00
8.000000000000000444e-01 4.444404750953868444e+00
9.000000000000000222e-01 5.023720449781513331e+00
1.000000000000000000e+00 5.611239645060241088e+00
1.100000000000000089e+00 6.207775058287861469e+00
1.200000000000000178e+00 6.814110731440713664e+00
1.300000000000000044e+00 7.431000328563324153e+00
1.400000000000000133e+00 8.059165717040682964e+00
1.500000000000000000e+00 8.699295832051490152e+00
1.600000000000000089e+00 9.352045823538167824e+00
1.700000000000000178e+00 1.001803648105457256e+01
1.800000000000000044e+00 1.069785392813840019e+01
1.900000000000000133e+00 1.139204957446406752e+01
2.000000000000000000e+00 1.210114031101465493e+01
2.100000000000000089e+00 1.282560893090575860e+01
2.200000000000000178e+00 1.356590475632439841e+01
2.300000000000000266e+00 1.432244445032460156e+01
2.400000000000000355e+00 1.509561299094502651e+01
2.500000000000000000e+00 1.588576478427059868e+01
2.600000000000000089e+00 1.669322489262338749e+01
2.700000000000000178e+00 1.751829035400321288e+01
2.800000000000000266e+00 1.836123156916219656e+01
2.900000000000000355e+00 1.922229373323837720e+01
3.000000000000000000e+00 2.010169828963658745e+01
3.100000000000000089e+00 2.099964438476972717e+01
3.200000000000000178e+00 2.191631030329939733e+01
3.300000000000000266e+00 2.285185486457970683e+01
3.400000000000000355e+00 2.380641876205083562e+01
3.500000000000000000e+00 2.478012582829230936e+01
3.600000000000000089e+00 2.577308420927478849e+01
3.700000000000000178e+00 2.678538743199432659e+01
3.800000000000000266e+00 2.781711535009098668e+01
3.900000000000000355e+00 2.886833495220652068e+01
4.000000000000000000e+00 2.993910101769570531e+01
4.100000000000000533e+00 3.102945660384980187e+01
4.200000000000000178e+00 3.213943334800727314e+01
4.299999999999999822e+00 3.326905156681291231e+01
4.400000000000000355e+00 3.441832013344876628e+01
4.500000000000000000e+00 3.558723611191729930e+01
4.600000000000000533e+00 3.677578412543717690e+01
4.700000000000000178e+00 3.798393543375648562e+01
4.800000000000000711e+00 3.921164669174965667e+01
4.900000000000000355e+00 4.045885835910937800e+01
5.000000000000000000e+00 4.172549272835134815e+01
5.100000000000000533e+00 4.301145153581003910e+01
5.200000000000000178e+00 4.431661311792308311e+01
5.300000000000000711e+00 4.564082907299524550e+01
5.400000000000000355e+00 4.698392038693140904e+01
5.500000000000000000e+00 4.834567298026706084e+01
5.600000000000000533e+00 4.972583263335149439e+01
5.700000000000000178e+00 5.112409924690535945e+01
5.800000000000000711e+00 5.254012039653115096e+01
5.900000000000000355e+00 5.397348414225592705e+01
6.000000000000000000e+00 5.542371105797342778e+01
6.100000000000000533e+00 5.689024545086062545e+01
6.200000000000000178e+00 5.837244574758626214e+01
6.300000000000000711e+00 5.986957403249771659e+01
6.400000000000000355e+00 6.138078473302825699e+01
6.500000000000000000e+00 6.290511245933472395e+01
6.600000000000000533e+00 6.444145901863569748e+01
6.700000000000000178e+00 6.598857963980893260e+01
6.800000000000000711e+00 6.754506846039956258e+01
6.900000000000000355e+00 6.910934334611462759e+01
7.000000000000000000e+00 7.067963013189357468e+01
7.100000000000000533e+00 7.225394639345408621e+01
7.200000000000000178e+00 7.383008487845835077e+01
7.300000000000000711e+00 7.540559674671651180e+01
7.400000000000000355e+00 7.697777478867470791e+01
7.500000000000000000e+00 7.854363681032435807e+01
7.600000000000000533e+00 8.009990939007521149e+01
7.700000000000000178e+00 8.164301222850539830e+01
7.800000000000000711e+00 8.316904332467356653e+01
7.900000000000000355e+00 8.467376522230691194e+01
8.000000000000000000e+00 8.615259257514217950e+01
8.099999999999999645e+00 8.760058128253045595e+01
8.200000000000001066e+00 8.901241944371251691e+01
8.300000000000000711e+00 9.038242037161624864e+01
8.400000000000000355e+00 9.170451789440302548e+01
8.500000000000000000e+00 9.297226415519401144e+01
8.599999999999999645e+00 9.417883009747193057e+01
8.700000000000001066e+00 9.531700879573661211e+01
8.800000000000000711e+00 9.637922175840074601e+01
8.900000000000000355e+00 9.735752829308957246e+01
9.000000000000000000e+00 9.824363798403126680e+01
9.099999999999999645e+00 9.902892628780315931e+01
9.200000000000001066e+00 9.970445320814674517e+01
9.300000000000000711e+00 1.002609849637924668e+02
9.400000000000000355e+00 1.006890185162259286e+02
9.500000000000000000e+00 1.009788087781031436e+02
9.600000000000001421e+00 1.011203982786261975e+02
9.700000000000001066e+00 1.011036490206496694e+02
9.800000000000000711e+00 1.009182762265824636e+02
9.900000000000000355e+00 1.005538836371909781e+02
1.000000000000000000e+01 1.000000000000000000e+02
