t = 9.560000
x    u(x,t)
0.000000000000000000e+00 0.000000000000000000e+00
1.000000000000000056e-01 1.444947699008372055e+00
2.000000000000000111e-01 2.890350315064081244e+00
3.000000000000000444e-01 4.336661622898080992e+00
4.000000000000000222e-01 5.784333111011159545e+00
5.000000000000000000e-01 7.233812834559360638e+00
6.000000000000000888e-01 8.685544263423212286e+00
7.000000000000000666e-01 1.013996512382798443e+01
8.000000000000000444e-01 1.159750623185966312e+01
9.000000000000000222e-01 1.305859031719428209e+01
1.000000000000000000e+00 1.452363083532789290e+01
1.100000000000000089e+00 1.599303076656112665e+01
1.200000000000000178e+00 1.746718139995741836e+01
1.300000000000000044e+00 1.894646110045903242e+01
1.400000000000000133e+00 2.043123405731034126e+01
1.500000000000000000e+00 2.192184901190620749e+01
1.600000000000000089e+00 2.341863796315510982e+01
1.700000000000000178e+00 2.492191484842383886e+01
1.800000000000000044e+00 2.643197419811519921e+01
1.900000000000000133e+00 2.794908976192299832e+01
2.000000000000000000e+00 2.947351310481239395e+01
2.100000000000000089e+00 3.100547217078914031e+01
2.200000000000000178e+00 3.254516981255088126e+01
2.300000000000000266e+00 3.409278228515863418e+01
2.400000000000000355e+00 3.564845770192871299e+01
2.500000000000000000e+00 3.721231445082590739e+01
2.600000000000000089e+00 3.878443956973977436e+01
2.700000000000000178e+00 4.036488707914785579e+01
2.800000000000000266e+00 4.195367627081483874e+01
2.900000000000000355e+00 4.355078995134459774e+01
3.000000000000000000e+00 4.515617263959548922e+01
3.100000000000000089e+00 4.676972871718731284e+01
3.200000000000000178e+00 4.839132053157239710e+01
3.300000000000000266e+00 5.002076645141328726e+01
3.400000000000000355e+00 5.165783887430509935e+01
3.500000000000000000e+00 5.330226218720284947e+01
3.600000000000000089e+00 5.495371068026074113e+01
3.700000000000000178e+00 5.661180641516240541e+01
3.800000000000000266e+00 5.827611704941633519e+01
3.900000000000000355e+00 5.994615361850792823e+01
4.000000000000000000e+00 6.162136827823818663e+01
4.100000000000000533e+00 6.330115201003581404e+01
4.200000000000000178e+00 6.498483229250362569e+01
4.299999999999999822e+00 6.667167074294772533e+01
4.400000000000000355e+00 6.836086073313724398e+01
4.500000000000000000e+00 7.005152498405125527e+01
4.600000000000000533e+00 7.174271314488187556e+01
4.700000000000000178e+00 7.343339936207860319e+01
4.800000000000000711e+00 7.512247984473233942e+01
4.900000000000000355e+00 7.680877043310530894e+01
5.000000000000000000e+00 7.849100417761208348e+01
5.100000000000000533e+00 8.016782893604063531e+01
5.200000000000000178e+00 8.183780499727031099e+01
5.300000000000000711e+00 8.349940274018707953e+01
5.400000000000000355e+00 8.515100033691420833e+01
5.500000000000000000e+00 8.679088150986359551e+01
5.600000000000000533e+00 8.841723335246389581e+01
5.700000000000000178e+00 9.002814422373324987e+01
5.800000000000000711e+00 9.162160172713242900e+01
5.900000000000000355e+00 9.319549078435350964e+01
6.000000000000000000e+00 9.474759181486854231e+01
6.100000000000000533e+00 9.627557903217464741e+01
6.200000000000000178e+00 9.777701886772797479e+01
6.300000000000000711e+00 9.924936853355119126e+01
6.400000000000000355e+00 1.006899747344287306e+02
6.500000000000000000e+00 1.020960725404675316e+02
6.600000000000000533e+00 1.034647844305949320e+02
6.700000000000000178e+00 1.047931195172920980e+02
6.800000000000000711e+00 1.060779729625154602e+02
6.900000000000000355e+00 1.073161255943447259e+02
7.000000000000000000e+00 1.085042437334094103e+02
7.100000000000000533e+00 1.096388792375907428e+02
7.200000000000000178e+00 1.107164697728732250e+02
7.300000000000000711e+00 1.117333393175288734e+02
7.400000000000000355e+00 1.126856989060639762e+02
7.500000000000000000e+00 1.135696476185427315e+02
7.600000000000000533e+00 1.143811738200300994e+02
7.700000000000000178e+00 1.151161566539699095e+02
7.800000000000000711e+00 1.157703677923395276e+02
7.900000000000000355e+00 1.163394734444048595e+02
8.000000000000000000e+00 1.168190366248417291e+02
8.099999999999999645e+00 1.172045196809021803e+02
8.200000000000001066e+00 1.174912870771891136e+02
8.300000000000000711e+00 1.176746084354705175e+02
8.400000000000000355e+00 1.177496618258170571e+02
8.500000000000000000e+00 1.177115373041985009e+02
8.599999999999999645e+00 1.175552406905254799e+02
8.700000000000001066e+00 1.172756975799861294e+02
8.800000000000000711e+00 1.168677575794073960e+02
8.900000000000000355e+00 1.163261987592749875e+02
9.000000000000000000e+00 1.156457323109859487e+02
9.099999999999999645e+00 1.148210073978841592e+02
9.200000000000001066e+00 1.138466161876563376e+02
9.300000000000000711e+00 1.127170990527443166e+02
9.400000000000000355e+00 1.114269499245715451e+02
9.500000000000000000e+00 1.099706217865871594e+02
9.600000000000001421e+00 1.083425322904130894e+02
9.700000000000001066e+00 1.065370694787367540e+02
9.800000000000000711e+00 1.045485975980321598e+02
9.900000000000000355e+00 1.023714629837207610e+02
1.000000000000000000e+01 1.000000000000000000e+02
