t = 7.780000
x    u(x,t)
0.000000000000000000e+00 0.000000000000000000e+00
1.000000000000000056e-01 1.222106835596648233e+00
2.000000000000000111e-01 2.444765144287022185e+00
3.000000000000000444e-01 3.668525351745485441e+00
4.000000000000000222e-01 4.893935788588199109e+00
5.000000000000000000e-01 6.121541642268114813e+00
6.000000000000000888e-01 7.351883908202997198e+00
7.000000000000000666e-01 8.585498339755286423e+00
8.000000000000000444e-01 9.822914396576948093e+00
9.000000000000000222e-01 1.106465419070263145e+01
1.000000000000000000e+00 1.231123142962218076e+01
1.100000000000000089e+00 1.356315035539055458e+01
1.200000000000000178e+00 1.482090467864157546e+01
1.300000000000000044e+00 1.608497650616430263e+01
1.400000000000000133e+00 1.735583526047912883e+01
1.500000000000000000e+00 1.863393658961898680e+01
1.600000000000000089e+00 1.991972126508113661e+01
1.700000000000000178e+00 2.121361406567073260e+01
1.800000000000000044e+00 2.251602264471277337e+01
1.900000000000000133e+00 2.382733637786610004e+01
2.000000000000000000e+00 2.514792518853753833e+01
2.100000000000000089e+00 2.647813834766829899e+01
2.200000000000000178e+00 2.781830324445293456e+01
2.300000000000000266e+00 2.916872412435778728e+01
2.400000000000000355e+00 3.052968079063366957e+01
2.500000000000000000e+00 3.190142726537210649e+01
2.600000000000000089e+00 3.328419040603808554e+01
2.700000000000000178e+00 3.467816847332993291e+01
2.800000000000000266e+00 3.608352964617164815e+01
2.900000000000000355e+00 3.750041047963811280e+01
3.000000000000000000e+00 3.892891430165337852e+01
3.100000000000000089e+00 4.036910954438849330e+01
3.200000000000000178e+00 4.182102800642180540e+01
3.300000000000000266e+00 4.328466304191378811e+01
3.400000000000000355e+00 4.475996767329104387e+01
3.500000000000000000e+00 4.624685262423466980e+01
3.600000000000000089e+00 4.774518427012476707e+01
3.700000000000000178e+00 4.925478250350921172e+01
3.800000000000000266e+00 5.077541851263972461e+01
3.900000000000000355e+00 5.230681247165136938e+01
4.000000000000000000e+00 5.384863114155422892e+01
4.100000000000000533e+00 5.540048538185418892e+01
4.200000000000000178e+00 5.696192757332462975e+01
4.299999999999999822e+00 5.853244895320661101e+01
4.400000000000000355e+00 6.011147686492194708e+01
4.500000000000000000e+00 6.169837192523577585e+01
4.600000000000000533e+00 6.329242511269922744e+01
4.700000000000000178e+00 6.489285478213271574e+01
4.800000000000000711e+00 6.649880361087222980e+01
4.900000000000000355e+00 6.810933548348737077e+01
5.000000000000000000e+00 6.972343232268333679e+01
5.100000000000000533e+00 7.133999087511459436e+01
5.200000000000000178e+00 7.295781946185486788e+01
5.300000000000000711e+00 7.457563470428023322e+01
5.400000000000000355e+00 7.619205823711921255e+01
5.500000000000000000e+00 7.780561342139789360e+01
5.600000000000000533e+00 7.941472207094814451e+01
5.700000000000000178e+00 8.101770120704648548e+01
5.800000000000000711e+00 8.261275985659553101e+01
5.900000000000000355e+00 8.419799591004441197e+01
6.000000000000000000e+00 8.577139305595584062e+01
6.100000000000000533e+00 8.733081780975786046e+01
6.200000000000000178e+00 8.887401665475724144e+01
6.300000000000000711e+00 9.039861331393126420e+01
6.400000000000000355e+00 9.190210617134570725e+01
6.500000000000000000e+00 9.338186586226190400e+01
6.600000000000000533e+00 9.483513305108708380e+01
6.700000000000000178e+00 9.625901641628482253e+01
6.800000000000000711e+00 9.765049086118824562e+01
6.900000000000000355e+00 9.900639596934558995e+01
7.000000000000000000e+00 1.003234347225720455e+02
7.100000000000000533e+00 1.015981724992789594e+02
7.200000000000000178e+00 1.028270363699038796e+02
7.300000000000000711e+00 1.040063147053705563e+02
7.400000000000000355e+00 1.051321571134678834e+02
7.500000000000000000e+00 1.062005747168580143e+02
7.600000000000000533e+00 1.072074407851042110e+02
7.700000000000000178e+00 1.081484917316611387e+02
7.800000000000000711e+00 1.090193284851970645e+02
7.900000000000000355e+00 1.098154182429278620e+02
8.000000000000000000e+00 1.105320966118491555e+02
8.099999999999999645e+00 1.111645701418636634e+02
8.200000000000001066e+00 1.117079192528290577e+02
8.300000000000000711e+00 1.121571015555134636e+02
8.400000000000000355e+00 1.125069555643489565e+02
8.500000000000000000e+00 1.127522047977423227e+02
8.599999999999999645e+00 1.128874622595443213e+02
8.700000000000001066e+00 1.129072352931167558e+02
8.800000000000000711e+00 1.128059307972825707e+02
8.900000000000000355e+00 1.125778607913209299e+02
9.000000000000000000e+00 1.122172483140873993e+02
9.099999999999999645e+00 1.117182336403220546e+02
9.200000000000001066e+00 1.110748807952694364e+02
9.300000000000000711e+00 1.102811843468905835e+02
9.400000000000000355e+00 1.093310764532143935e+02
9.500000000000000000e+00 1.082184341407706256e+02
9.600000000000001421e+00 1.069370867885802880e+02
9.700000000000001066e+00 1.054808237908670776e+02
9.800000000000000711e+00 1.038434023705057569e+02
9.900000000000000355e+00 1.020185555142508633e+02
1.000000000000000000e+01 1.000000000000000000e+02
