t = 4.250000
x    u(x,t)
0.000000000000000000e+00 0.000000000000000000e+00
1.000000000000000056e-01 7.540384134237035907e-01
2.000000000000000111e-01 1.508850742392204403e+00
3.000000000000000444e-01 2.265209072594226214e+00
4.000000000000000222e-01 3.023881842572171852e+00
5.000000000000000000e-01 3.785632051401620402e+00
6.000000000000000888e-01 4.551215503422983311e+00
7.000000000000000666e-01 5.321379101631251274e+00
8.000000000000000444e-01 6.096859200704954240e+00
9.000000000000000222e-01 6.878380029891180136e+00
1.000000000000000000e+00 7.666652195070148501e+00
1.100000000000000089e+00 8.462371268312779193e+00
1.200000000000000178e+00 9.266216472130965442e+00
1.300000000000000044e+00 1.007884946441777707e+01
1.400000000000000133e+00 1.090091322879810853e+01
1.500000000000000000e+00 1.173303107377549814e+01
1.600000000000000089e+00 1.257580574268288665e+01
1.700000000000000178e+00 1.342981863503964135e+01
1.800000000000000044e+00 1.429562913849896688e+01
1.900000000000000133e+00 1.517377406915246496e+01
2.000000000000000000e+00 1.606476721655535300e+01
2.100000000000000089e+00 1.696909898845817111e+01
2.200000000000000178e+00 1.788723614888868951e+01
2.300000000000000266e+00 1.881962164193055287e+01
2.400000000000000355e+00 1.976667449229926277e+01
2.500000000000000000e+00 2.072878977262801214e+01
2.600000000000000089e+00 2.170633862624904609e+01
2.700000000000000178e+00 2.269966833319382715e+01
2.800000000000000266e+00 2.370910240613907760e+01
2.900000000000000355e+00 2.473494070209540041e+01
3.000000000000000000e+00 2.577745953477207053e+01
3.100000000000000089e+00 2.683691177175299458e+01
3.200000000000000178e+00 2.791352689988607594e+01
3.300000000000000266e+00 2.900751104161850336e+01
3.400000000000000355e+00 3.011904690440483279e+01
3.500000000000000000e+00 3.124829364477322713e+01
3.600000000000000089e+00 3.239538662815936476e+01
3.700000000000000178e+00 3.356043706521030145e+01
3.800000000000000266e+00 3.474353150492732567e+01
3.900000000000000355e+00 3.594473116476244456e+01
4.000000000000000000e+00 3.716407107761858697e+01
4.100000000000000533e+00 3.840155903563745454e+01
4.200000000000000178e+00 3.965717431070608257e+01
4.299999999999999822e+00 4.093086613178711275e+01
4.400000000000000355e+00 4.222255189949707699e+01
4.500000000000000000e+00 4.353211511884077822e+01
4.600000000000000533e+00 4.485940303167762977e+01
4.700000000000000178e+00 4.620422393137110362e+01
4.800000000000000711e+00 4.756634414317687032e+01
4.900000000000000355e+00 4.894548465528225023e+01
5.000000000000000000e+00 5.034131738704105175e+01
5.100000000000000533e+00 5.175346108287509850e+01
5.200000000000000178e+00 5.318147682255695230e+01
5.300000000000000711e+00 5.462486314116164010e+01
5.400000000000000355e+00 5.608305075489461444e+01
5.500000000000000000e+00 5.755539689227340006e+01
5.600000000000000533e+00 5.904117923376816179e+01
5.700000000000000178e+00 6.053958946698497812e+01
5.800000000000000711e+00 6.204972646879804898e+01
5.900000000000000355e+00 6.357058913048202697e+01
6.000000000000000000e+00 6.510106884684125816e+01
6.100000000000000533e+00 6.663994169554025859e+01
6.200000000000000178e+00 6.818586033826903758e+01
6.300000000000000711e+00 6.973734568097202668e+01
6.400000000000000355e+00 7.129277833607197579e+01
6.500000000000000000e+00 7.285038993535741270e+01
6.600000000000000533e+00 7.440825434789680060e+01
6.700000000000000178e+00 7.596427886290952358e+01
6.800000000000000711e+00 7.751619540286910137e+01
6.900000000000000355e+00 7.906155183714338364e+01
7.000000000000000000e+00 8.059770347108761257e+01
7.100000000000000533e+00 8.212180478959714947e+01
7.200000000000000178e+00 8.363080153759715074e+01
7.300000000000000711e+00 8.512142322269362182e+01
7.400000000000000355e+00 8.659017612714116297e+01
7.500000000000000000e+00 8.803333691730763633e+01
7.600000000000000533e+00 8.944694693885385561e+01
7.700000000000000178e+00 9.082680728483069288e+01
7.800000000000000711e+00 9.216847472176736744e+01
7.900000000000000355e+00 9.346725855554701923e+01
8.000000000000000000e+00 9.471821851441124807e+01
8.099999999999999645e+00 9.591616372080223130e+01
8.200000000000001066e+00 9.705565281695281499e+01
8.300000000000000711e+00 9.813099530120663871e+01
8.400000000000000355e+00 9.913625412304942586e+01
8.500000000000000000e+00 1.000652495748343824e+02
8.599999999999999645e+00 1.009115645072910468e+02
8.700000000000001066e+00 1.016685508842297310e+02
8.800000000000000711e+00 1.023293376795343903e+02
8.900000000000000355e+00 1.028868401067231275e+02
9.000000000000000000e+00 1.033337701582161543e+02
9.099999999999999645e+00 1.036626484181626608e+02
9.200000000000001066e+00 1.038658170994264225e+02
9.300000000000000711e+00 1.039354542423058376e+02
9.400000000000000355e+00 1.038635889999609532e+02
9.500000000000000000e+00 1.036421179235258023e+02
9.600000000000001421e+00 1.032628221486878886e+02
9.700000000000001066e+00 1.027173853752869235e+02
9.800000000000000711e+00 1.019974125223902206e+02
9.900000000000000355e+00 1.010944489334830791e+02
1.000000000000000000e+01 1.000000000000000000e+02
