t = 4.710000
x    u(x,t)
0.000000000000000000e+00 0.000000000000000000e+00
1.000000000000000056e-01 8.173751601505064857e-01
2.000000000000000111e-01 1.635485186801111990e+00
3.000000000000000444e-01 2.455063366704539618e+00
4.000000000000000222e-01 3.276839836483445900e+00
5.000000000000000000e-01 4.101540030856919650e+00
6.000000000000000888e-01 4.929883158481706218e+00
7.000000000000000666e-01 5.762580714058759490e+00
8.000000000000000444e-01 6.600335034888932029e+00
9.000000000000000222e-01 7.443837909488352444e+00
1.000000000000000000e+00 8.293769245200799389e+00
1.100000000000000089e+00 9.150795800978732686e+00
1.200000000000000178e+00 1.001556999065493514e+01
1.300000000000000044e+00 1.088872876110220922e+01
1.400000000000000133e+00 1.177089254868852919e+01
1.500000000000000000e+00 1.266266431639035339e+01
1.600000000000000089e+00 1.356462867283654816e+01
1.700000000000000178e+00 1.447735107343100225e+01
1.800000000000000044e+00 1.540137710255301684e+01
1.900000000000000133e+00 1.633723183467098750e+01
2.000000000000000000e+00 1.728541927103658438e+01
2.100000000000000089e+00 1.824642184746255680e+01
2.200000000000000178e+00 1.922070000753553387e+01
2.300000000000000266e+00 2.020869183448467510e+01
2.400000000000000355e+00 2.121081273382368337e+01
2.500000000000000000e+00 2.222745515781568315e+01
2.600000000000000089e+00 2.325898836178245688e+01
2.700000000000000178e+00 2.430575818129771193e+01
2.800000000000000266e+00 2.536808681837408130e+01
2.900000000000000355e+00 2.644627262387801636e+01
3.000000000000000000e+00 2.754058986259290620e+01
3.100000000000000089e+00 2.865128844660053886e+01
3.200000000000000178e+00 2.977859362197030890e+01
3.300000000000000266e+00 3.092270559313822176e+01
3.400000000000000355e+00 3.208379906882902333e+01
3.500000000000000000e+00 3.326202271293006163e+01
3.600000000000000089e+00 3.445749848337077026e+01
3.700000000000000178e+00 3.567032084180402052e+01
3.800000000000000266e+00 3.690055581673259866e+01
3.900000000000000355e+00 3.814823990268332210e+01
4.000000000000000000e+00 3.941337877811434254e+01
4.100000000000000533e+00 4.069594582495581392e+01
4.200000000000000178e+00 4.199588043304353135e+01
4.299999999999999822e+00 4.331308607321922466e+01
4.400000000000000355e+00 4.464742812355362389e+01
4.500000000000000000e+00 4.599873143401153186e+01
4.600000000000000533e+00 4.736677761593316660e+01
4.700000000000000178e+00 4.875130204396698730e+01
4.800000000000000711e+00 5.015199055956636442e+01
4.900000000000000355e+00 5.156847586686658502e+01
5.000000000000000000e+00 5.300033361369906260e+01
5.100000000000000533e+00 5.444707815268193229e+01
5.200000000000000178e+00 5.590815797975627532e+01
5.300000000000000711e+00 5.738295085021570685e+01
5.400000000000000355e+00 5.887075857520088107e+01
5.500000000000000000e+00 6.037080150479590657e+01
5.600000000000000533e+00 6.188221270725752987e+01
5.700000000000000178e+00 6.340403185751762294e+01
5.800000000000000711e+00 6.493519885190239904e+01
5.900000000000000355e+00 6.647454716998429092e+01
6.000000000000000000e+00 6.802079700859196976e+01
6.100000000000000533e+00 6.957254821721554094e+01
6.200000000000000178e+00 7.112827306831363217e+01
6.300000000000000711e+00 7.268630890031177216e+01
6.400000000000000355e+00 7.424485067532309301e+01
6.500000000000000000e+00 7.580194349776812146e+01
6.600000000000000533e+00 7.735547514405791958e+01
6.700000000000000178e+00 7.890316865727264428e+01
6.800000000000000711e+00 8.044257506424773396e+01
6.900000000000000355e+00 8.197106627560752656e+01
7.000000000000000000e+00 8.348582823199157588e+01
7.100000000000000533e+00 8.498385436193839837e+01
7.200000000000000178e+00 8.646193941855992193e+01
7.300000000000000711e+00 8.791667376319603022e+01
7.400000000000000355e+00 8.934443816463003429e+01
7.500000000000000000e+00 9.074139918212109990e+01
7.600000000000000533e+00 9.210350519942757330e+01
7.700000000000000178e+00 9.342648317512576739e+01
7.800000000000000711e+00 9.470583617184531988e+01
7.900000000000000355e+00 9.593684172353752615e+01
8.000000000000000000e+00 9.711455109556497689e+01
8.099999999999999645e+00 9.823378948726215754e+01
8.200000000000001066e+00 9.928915722069534411e+01
8.300000000000000711e+00 1.002750319526825535e+02
8.400000000000000355e+00 1.011855719397755138e+02
8.500000000000000000e+00 1.020147203779170297e+02
8.599999999999999645e+00 1.027562108299516410e+02
8.700000000000001066e+00 1.034035737451676624e+02
8.800000000000000711e+00 1.039501440656893863e+02
8.900000000000000355e+00 1.043890699049245256e+02
9.000000000000000000e+00 1.047133222735205891e+02
9.099999999999999645e+00 1.049157058185188305e+02
9.200000000000001066e+00 1.049888705317364241e+02
9.300000000000000711e+00 1.049253243739895538e+02
9.400000000000000355e+00 1.047174467527149631e+02
9.500000000000000000e+00 1.043575027819810970e+02
9.600000000000001421e+00 1.038376582459235919e+02
9.700000000000001066e+00 1.031499951794023815e+02
9.800000000000000711e+00 1.022865279732671269e+02
9.900000000000000355e+00 1.012392199061237790e+02
1.000000000000000000e+01 1.000000000000000000e+02
