t = 0.970000
x    u(x,t)
0.000000000000000000e+00 0.000000000000000000e+00
1.000000000000000056e-01 2.543009229342944044e-01
2.000000000000000111e-01 5.102220661080200115e-01
3.000000000000000444e-01 7.693669053578844341e-01
4.000000000000000222e-01 1.033305948577643907e+00
5.000000000000000000e-01 1.303561526810606219e+00
6.000000000000000888e-01 1.581594041539832407e+00
7.000000000000000666e-01 1.868790036194678095e+00
8.000000000000000444e-01 2.166452370218231227e+00
9.000000000000000222e-01 2.475792674416584571e+00
1.000000000000000000e+00 2.797926163333289473e+00
1.100000000000000089e+00 3.133868780513636487e+00
1.200000000000000178e+00 3.484536561539645749e+00
1.300000000000000044e+00 3.850747022348278037e+00
1.400000000000000133e+00 4.233222319948135137e+00
1.500000000000000000e+00 4.632593891075122094e+00
1.600000000000000089e+00 5.049408251929782487e+00
1.700000000000000178e+00 5.484133637916690951e+00
1.800000000000000044e+00 5.937167174145465687e+00
1.900000000000000133e+00 6.408842292437083366e+00
2.000000000000000000e+00 6.899436145328037284e+00
2.100000000000000089e+00 7.409176808562675909e+00
2.200000000000000178e+00 7.938250107449349890e+00
2.300000000000000266e+00 8.486805946251454458e+00
2.400000000000000355e+00 9.054964061052135804e+00
2.500000000000000000e+00 9.642819153457095283e+00
2.600000000000000089e+00 1.025044539390667353e+01
2.700000000000000178e+00 1.087790030867529367e+01
2.800000000000000266e+00 1.152522808377676000e+01
2.900000000000000355e+00 1.219246233230711596e+01
3.000000000000000000e+00 1.287962837987335263e+01
3.100000000000000089e+00 1.358674512648312138e+01
3.200000000000000178e+00 1.431382654349163452e+01
3.300000000000000266e+00 1.506088286179598512e+01
3.400000000000000355e+00 1.582792150324639380e+01
3.500000000000000000e+00 1.661494780191631904e+01
3.600000000000000089e+00 1.742196555601945462e+01
3.700000000000000178e+00 1.824897744533141264e+01
3.800000000000000266e+00 1.909598534329251152e+01
3.900000000000000355e+00 1.996299054774950221e+01
4.000000000000000000e+00 2.084999394966144948e+01
4.100000000000000533e+00 2.175699615509746820e+01
4.200000000000000178e+00 2.268399757248874593e+01
4.299999999999999822e+00 2.363099847432420120e+01
4.400000000000000355e+00 2.459799904023539341e+01
4.500000000000000000e+00 2.558499938662842865e+01
4.600000000000000533e+00 2.659199958660868290e+01
4.700000000000000178e+00 2.761899968283021778e+01
4.800000000000000711e+00 2.866599969500980905e+01
4.900000000000000355e+00 2.973299962310014521e+01
5.000000000000000000e+00 3.081999944644536171e+01
5.100000000000000533e+00 3.192699911856482586e+01
5.200000000000000178e+00 3.305399855644275675e+01
5.300000000000000711e+00 3.420099762223684081e+01
5.400000000000000355e+00 3.536799609403177413e+01
5.500000000000000000e+00 3.655499362049091161e+01
5.600000000000000533e+00 3.776198965179190736e+01
5.700000000000000178e+00 3.898898333580464737e+01
5.800000000000000711e+00 4.023597336374215416e+01
5.900000000000000355e+00 4.150295774306751895e+01
6.000000000000000000e+00 4.278993346675868281e+01
6.100000000000000533e+00 4.409689603650834044e+01
6.200000000000000178e+00 4.542383878237018990e+01
6.300000000000000711e+00 4.677075190198380028e+01
6.400000000000000355e+00 4.813762111801327137e+01
6.500000000000000000e+00 4.952442582204296428e+01
6.600000000000000533e+00 5.093113653622278036e+01
6.700000000000000178e+00 5.235771148002655906e+01
6.800000000000000711e+00 5.380409197855004066e+01
6.900000000000000355e+00 5.527019639138841711e+01
7.000000000000000000e+00 5.675591217864536731e+01
7.100000000000000533e+00 5.826108565539813355e+01
7.200000000000000178e+00 5.978550892155450924e+01
7.300000000000000711e+00 6.132890339543336466e+01
7.400000000000000355e+00 6.289089933297599799e+01
7.500000000000000000e+00 6.447101068802935231e+01
7.600000000000000533e+00 6.606860467157406447e+01
7.700000000000000178e+00 6.768286540876616186e+01
7.800000000000000711e+00 6.931275118194277240e+01
7.900000000000000355e+00 7.095694489418920625e+01
8.000000000000000000e+00 7.261379759860810168e+01
8.099999999999999645e+00 7.428126521680754024e+01
8.200000000000001066e+00 7.595683891559977496e+01
8.300000000000000711e+00 7.763747001708317441e+01
8.400000000000000355e+00 7.931949077122712310e+01
8.500000000000000000e+00 8.099853280182585991e+01
8.599999999999999645e+00 8.266944551942897590e+01
8.700000000000001066e+00 8.432621724583059120e+01
8.800000000000000711e+00 8.596190217693563795e+01
8.900000000000000355e+00 8.756855658564951739e+01
9.000000000000000000e+00 8.913718779666569958e+01
9.099999999999999645e+00 9.065771941858193372e+01
9.200000000000001066e+00 9.211897607240007346e+01
9.300000000000000711e+00 9.350869039814098471e+01
9.400000000000000355e+00 9.481353445693768833e+01
9.500000000000000000e+00 9.601917679491624824e+01
9.600000000000001421e+00 9.711036543435375279e+01
9.700000000000001066e+00 9.807103595893646286e+01
9.800000000000000711e+00 9.888444272718800221e+01
9.900000000000000355e+00 9.953331015227711021e+01
1.000000000000000000e+01 1.000000000000000000e+02
