t = 1.630000
x    u(x,t)
0.000000000000000000e+00 0.000000000000000000e+00
1.000000000000000056e-01 3.668387208675140121e-01
2.000000000000000111e-01 7.349273342599046410e-01
3.000000000000000444e-01 1.105508053204054875e+00
4.000000000000000222e-01 1.479807873565656129e+00
5.000000000000000000e-01 1.859031315680937935e+00
6.000000000000000888e-01 2.244353574183416633e+00
7.000000000000000666e-01 2.636914192548313718e+00
8.000000000000000444e-01 3.037811363208823501e+00
9.000000000000000222e-01 3.448096935794733309e+00
1.000000000000000000e+00 3.868772195855119556e+00
1.100000000000000089e+00 4.300784455157576680e+00
1.200000000000000178e+00 4.745024473124910713e+00
1.300000000000000044e+00 5.202324707967892259e+00
1.400000000000000133e+00 5.673458376327212171e+00
1.500000000000000000e+00 6.159139282381986824e+00
1.600000000000000089e+00 6.660022361928808365e+00
1.700000000000000178e+00 7.176704874261331746e+00
1.800000000000000044e+00 7.709728165018436385e+00
1.900000000000000133e+00 8.259579916607751926e+00
2.000000000000000000e+00 8.826696799303970664e+00
2.100000000000000089e+00 9.411467435499554668e+00
2.200000000000000178e+00 1.001423559157874621e+01
2.300000000000000266e+00 1.063530351614587666e+01
2.400000000000000355e+00 1.127493534946223797e+01
2.500000000000000000e+00 1.193336053650069495e+01
2.600000000000000089e+00 1.261077718457530139e+01
2.700000000000000178e+00 1.330735531562200791e+01
2.800000000000000266e+00 1.402323997250544352e+01
2.900000000000000355e+00 1.475855414786157205e+01
3.000000000000000000e+00 1.551340151266721179e+01
3.100000000000000089e+00 1.628786892972604505e+01
3.200000000000000178e+00 1.708202874440813090e+01
3.300000000000000266e+00 1.789594085116740274e+01
3.400000000000000355e+00 1.872965453953274917e+01
3.500000000000000000e+00 1.958321012741548373e+01
3.600000000000000089e+00 2.045664039272771717e+01
3.700000000000000178e+00 2.134997181652216014e+01
3.800000000000000266e+00 2.226322565222274363e+01
3.900000000000000355e+00 2.319641883610733757e+01
4.000000000000000000e+00 2.414956475412318326e+01
4.100000000000000533e+00 2.512267387945109576e+01
4.200000000000000178e+00 2.611575429406709503e+01
4.299999999999999822e+00 2.712881210594461834e+01
4.400000000000000355e+00 2.816185177154462593e+01
4.500000000000000000e+00 2.921487633088203140e+01
4.600000000000000533e+00 3.028788755973869229e+01
4.700000000000000178e+00 3.138088604049965014e+01
4.800000000000000711e+00 3.249387114958049949e+01
4.900000000000000355e+00 3.362684095543030338e+01
5.000000000000000000e+00 3.477979201656032870e+01
5.100000000000000533e+00 3.595271906387163341e+01
5.200000000000000178e+00 3.714561454563649789e+01
5.300000000000000711e+00 3.835846800672566559e+01
5.400000000000000355e+00 3.959126526596957518e+01
5.500000000000000000e+00 4.084398734681564491e+01
5.600000000000000533e+00 4.211660910663951540e+01
5.700000000000000178e+00 4.340909749917206994e+01
5.800000000000000711e+00 4.472140939255599790e+01
5.900000000000000355e+00 4.605348885265674141e+01
6.000000000000000000e+00 4.740526378762493920e+01
6.100000000000000533e+00 4.877664183564301936e+01
6.200000000000000178e+00 5.016750536371609570e+01
6.300000000000000711e+00 5.157770543184197010e+01
6.400000000000000355e+00 5.300705456461859200e+01
6.500000000000000000e+00 5.445531816215898857e+01
6.600000000000000533e+00 5.592220437506202302e+01
6.700000000000000178e+00 5.740735226522674850e+01
6.800000000000000711e+00 5.891031807668392872e+01
6.900000000000000355e+00 6.043055944958255310e+01
7.000000000000000000e+00 6.196741742723627056e+01
7.100000000000000533e+00 6.352009613184971926e+01
7.200000000000000178e+00 6.508764002019762529e+01
7.300000000000000711e+00 6.666890867685741284e+01
7.400000000000000355e+00 6.826254915999588491e+01
7.500000000000000000e+00 6.986696598313891116e+01
7.600000000000000533e+00 7.148028889523719442e+01
7.700000000000000178e+00 7.310033870951045287e+01
7.800000000000000711e+00 7.472459152717554787e+01
7.900000000000000355e+00 7.635014180273769568e+01
8.000000000000000000e+00 7.797366479987525167e+01
8.099999999999999645e+00 7.959137908729745448e+01
8.200000000000001066e+00 8.119900981801433204e+01
8.300000000000000711e+00 8.279175361858061422e+01
8.400000000000000355e+00 8.436424598224726878e+01
8.500000000000000000e+00 8.591053210682129304e+01
8.599999999999999645e+00 8.742404213996992723e+01
8.700000000000001066e+00 8.889757178786746294e+01
8.800000000000000711e+00 9.032326920450466901e+01
8.900000000000000355e+00 9.169262900681023609e+01
9.000000000000000000e+00 9.299649415445124134e+01
9.099999999999999645e+00 9.422506629376810849e+01
9.200000000000001066e+00 9.536792499531199496e+01
9.300000000000000711e+00 9.641405611803986631e+01
9.400000000000000355e+00 9.735188931602219498e+01
9.500000000000000000e+00 9.816934447249276730e+01
9.600000000000001421e+00 9.885388660922347981e+01
9.700000000000001066e+00 9.939258858524517848e+01
9.800000000000000711e+00 9.977220067685917115e+01
9.900000000000000355e+00 9.997922592954270726e+01
1.000000000000000000e+01 1.000000000000000000e+02
