t = 4.150000
x    u(x,t)
0.000000000000000000e+00 0.000000000000000000e+00
1.000000000000000056e-01 7.401464840439504478e-01
2.000000000000000111e-01 1.481076187859392768e+00
3.000000000000000444e-01 2.223570436531324024e+00
4.000000000000000222e-01 2.968406779176134158e+00
5.000000000000000000e-01 3.716357134294099307e+00
6.000000000000000888e-01 4.468185974640985769e+00
7.000000000000000666e-01 5.224648563991135752e+00
8.000000000000000444e-01 5.986489257493404104e+00
9.000000000000000222e-01 6.754439876501291629e+00
1.000000000000000000e+00 7.529218167801277950e+00
1.100000000000000089e+00 8.311526356082509892e+00
1.200000000000000178e+00 9.102049797301202005e+00
1.300000000000000044e+00 9.901455739311032289e+00
1.400000000000000133e+00 1.071039219477266080e+01
1.500000000000000000e+00 1.152948692993901858e+01
1.600000000000000089e+00 1.235934657145503301e+01
1.700000000000000178e+00 1.320055583182788617e+01
1.800000000000000044e+00 1.405367685273318479e+01
1.900000000000000133e+00 1.491924866383824089e+01
2.000000000000000000e+00 1.579778675336037885e+01
2.100000000000000089e+00 1.668978274514802607e+01
2.200000000000000178e+00 1.759570417568600220e+01
2.300000000000000266e+00 1.851599436309308544e+01
2.400000000000000355e+00 1.945107235890676378e+01
2.500000000000000000e+00 2.040133297224218012e+01
2.600000000000000089e+00 2.136714685477361542e+01
2.700000000000000178e+00 2.234886063391909516e+01
2.800000000000000266e+00 2.334679708061267789e+01
2.900000000000000355e+00 2.436125529712314375e+01
3.000000000000000000e+00 2.539251090952198808e+01
3.100000000000000089e+00 2.644081624861363622e+01
3.200000000000000178e+00 2.750640050241574741e+01
3.300000000000000266e+00 2.858946982261373293e+01
3.400000000000000355e+00 2.969020736680929318e+01
3.500000000000000000e+00 3.080877325783728793e+01
3.600000000000000089e+00 3.194530444093763677e+01
3.700000000000000178e+00 3.309991441914149846e+01
3.800000000000000266e+00 3.427269284686698114e+01
3.900000000000000355e+00 3.546370496142367301e+01
4.000000000000000000e+00 3.667299083190759745e+01
4.100000000000000533e+00 3.790056440483624556e+01
4.200000000000000178e+00 3.914641232584337871e+01
4.299999999999999822e+00 4.041049251683826071e+01
4.400000000000000355e+00 4.169273248825405886e+01
4.500000000000000000e+00 4.299302736638517786e+01
4.600000000000000533e+00 4.431123761636620628e+01
4.700000000000000178e+00 4.564718644209933274e+01
4.800000000000000711e+00 4.700065684542037303e+01
4.900000000000000355e+00 4.837138832802896360e+01
5.000000000000000000e+00 4.975907322122517940e+01
5.100000000000000533e+00 5.116335263031522373e+01
5.200000000000000178e+00 5.258381198269922407e+01
5.300000000000000711e+00 5.401997617115276284e+01
5.400000000000000355e+00 5.547130428668037894e+01
5.500000000000000000e+00 5.693718393856482862e+01
5.600000000000000533e+00 5.841692516286937575e+01
5.700000000000000178e+00 5.990975392467135663e+01
5.800000000000000711e+00 6.141480522370897432e+01
5.900000000000000355e+00 6.293111581789243303e+01
6.000000000000000000e+00 6.445761658424579821e+01
6.100000000000000533e+00 6.599312454226959801e+01
6.200000000000000178e+00 6.753633457040766075e+01
6.300000000000000711e+00 6.908581085220903617e+01
6.400000000000000355e+00 7.063997809483555557e+01
6.500000000000000000e+00 7.219711256870449745e+01
6.600000000000000533e+00 7.375533302319142592e+01
6.700000000000000178e+00 7.531259153935965855e+01
6.800000000000000711e+00 7.686666438653189459e+01
6.900000000000000355e+00 7.841514295507191434e+01
7.000000000000000000e+00 7.995542484288924356e+01
7.100000000000000533e+00 8.148470517780702949e+01
7.200000000000000178e+00 8.299996826192999322e+01
7.300000000000000711e+00 8.449797962740180424e+01
7.400000000000000355e+00 8.597527859534550032e+01
7.500000000000000000e+00 8.742817143123362200e+01
7.600000000000000533e+00 8.885272519034398897e+01
7.700000000000000178e+00 9.024476234624606263e+01
7.800000000000000711e+00 9.159985629335851343e+01
7.900000000000000355e+00 9.291332781147841047e+01
8.000000000000000000e+00 9.418024257576801972e+01
8.099999999999999645e+00 9.539540978998947196e+01
8.200000000000001066e+00 9.655338201380816088e+01
8.300000000000000711e+00 9.764845624677617764e+01
8.400000000000000355e+00 9.867467632221362805e+01
8.500000000000000000e+00 9.962583665370746644e+01
8.599999999999999645e+00 1.004954873654476302e+02
8.700000000000001066e+00 1.012769408252425762e+02
8.800000000000000711e+00 1.019632795859475465e+02
8.900000000000000355e+00 1.025473657273614663e+02
9.000000000000000000e+00 1.030218515765835718e+02
9.099999999999999645e+00 1.033791917705620023e+02
9.200000000000001066e+00 1.036116566103160608e+02
9.300000000000000711e+00 1.037113466422830896e+02
9.400000000000000355e+00 1.036702083886379597e+02
9.500000000000000000e+00 1.034800511354727632e+02
9.600000000000001421e+00 1.031325646756061047e+02
9.700000000000001066e+00 1.026193378917117371e+02
9.800000000000000711e+00 1.019318780555932591e+02
9.900000000000000355e+00 1.010616307109480658e+02
1.000000000000000000e+01 1.000000000000000000e+02
