t = 7.930000
x    u(x,t)
0.000000000000000000e+00 0.000000000000000000e+00
1.000000000000000056e-01 1.241212749949594629e+00
2.000000000000000111e-01 2.482969109038432709e+00
3.000000000000000444e-01 3.725811636581449093e+00
4.000000000000000222e-01 4.970280791830347766e+00
5.000000000000000000e-01 6.216913882880546360e+00
6.000000000000000888e-01 7.466244014235003945e+00
7.000000000000000666e-01 8.718799032462460019e+00
8.000000000000000444e-01 9.975100469291103167e+00
9.000000000000000222e-01 1.123566248136014423e+01
1.000000000000000000e+00 1.250099078571302158e+01
1.100000000000000089e+00 1.377158158995837489e+01
1.200000000000000178e+00 1.504792051585068258e+01
1.300000000000000044e+00 1.633048151485411736e+01
1.400000000000000133e+00 1.761972577405236606e+01
1.500000000000000000e+00 1.891610061055794034e+01
1.600000000000000089e+00 2.022003835235844349e+01
1.700000000000000178e+00 2.153195520331832213e+01
1.800000000000000044e+00 2.285225008983599082e+01
1.900000000000000133e+00 2.418130348644075767e+01
2.000000000000000000e+00 2.551947621740592709e+01
2.100000000000000089e+00 2.686710823125716630e+01
2.200000000000000178e+00 2.822451734487167485e+01
2.300000000000000266e+00 2.959199795369923436e+01
2.400000000000000355e+00 3.096981970449250809e+01
2.500000000000000000e+00 3.235822612681649701e+01
2.600000000000000089e+00 3.375743321951815545e+01
2.700000000000000178e+00 3.516762798828118974e+01
2.800000000000000266e+00 3.658896693037115000e+01
2.900000000000000355e+00 3.802157446269455932e+01
3.000000000000000000e+00 3.946554128935783723e+01
3.100000000000000089e+00 4.092092270501771623e+01
3.200000000000000178e+00 4.238773683046937180e+01
3.300000000000000266e+00 4.386596277712222047e+01
3.400000000000000355e+00 4.535553873726871643e+01
3.500000000000000000e+00 4.685635999736054913e+01
3.600000000000000089e+00 4.836827687186973179e+01
3.700000000000000178e+00 4.989109255572991231e+01
3.800000000000000266e+00 5.142456089382693563e+01
3.900000000000000355e+00 5.296838406653515108e+01
4.000000000000000000e+00 5.452221019087845377e+01
4.100000000000000533e+00 5.608563083752944323e+01
4.200000000000000178e+00 5.765817846454577733e+01
4.299999999999999822e+00 5.923932376947598755e+01
4.400000000000000355e+00 6.082847296224532840e+01
4.500000000000000000e+00 6.242496496205256307e+01
4.600000000000000533e+00 6.402806852236503232e+01
4.700000000000000178e+00 6.563697928898791645e+01
4.800000000000000711e+00 6.725081679709990112e+01
4.900000000000000355e+00 6.886862141408229832e+01
5.000000000000000000e+00 7.048935123592002583e+01
5.100000000000000533e+00 7.211187894590851499e+01
5.200000000000000178e+00 7.373498864535784492e+01
5.300000000000000711e+00 7.535737266693263336e+01
5.400000000000000355e+00 7.697762838219729531e+01
5.500000000000000000e+00 7.859425501584122742e+01
5.600000000000000533e+00 8.020565047992963059e+01
5.700000000000000178e+00 8.181010824235333700e+01
5.800000000000000711e+00 8.340581424442545710e+01
5.900000000000000355e+00 8.499084388328631690e+01
6.000000000000000000e+00 8.656315907542089860e+01
6.100000000000000533e+00 8.812060541815569081e+01
6.200000000000000178e+00 8.966090946647773308e+01
6.300000000000000711e+00 9.118167614289684764e+01
6.400000000000000355e+00 9.268038629834738629e+01
6.500000000000000000e+00 9.415439444228975674e+01
6.600000000000000533e+00 9.560092666021823504e+01
6.700000000000000178e+00 9.701707873670545723e+01
6.800000000000000711e+00 9.839981450190799706e+01
6.900000000000000355e+00 9.974596441912250100e+01
7.000000000000000000e+00 1.010522244305089856e+02
7.100000000000000533e+00 1.023151550774910561e+02
7.200000000000000178e+00 1.035311809115977724e+02
7.300000000000000711e+00 1.046965902106300774e+02
7.400000000000000355e+00 1.058075350140192086e+02
7.500000000000000000e+00 1.068600314900970432e+02
7.600000000000000533e+00 1.078499606467231757e+02
7.700000000000000178e+00 1.087730693953187284e+02
7.800000000000000711e+00 1.096249719768458704e+02
7.900000000000000355e+00 1.104011517566557927e+02
8.000000000000000000e+00 1.110969633934153649e+02
8.099999999999999645e+00 1.117076353855229485e+02
8.200000000000001066e+00 1.122282729965509418e+02
8.300000000000000711e+00 1.126538615593167805e+02
8.400000000000000355e+00 1.129792701562009682e+02
8.500000000000000000e+00 1.131992556713121019e+02
8.599999999999999645e+00 1.133084672080634476e+02
8.700000000000001066e+00 1.133014508636842237e+02
8.800000000000000711e+00 1.131726548501602991e+02
8.900000000000000355e+00 1.129164349490995676e+02
9.000000000000000000e+00 1.125270602860601201e+02
9.099999999999999645e+00 1.119987194079834438e+02
9.200000000000001066e+00 1.113255266455547456e+02
9.300000000000000711e+00 1.105015287405821311e+02
9.400000000000000355e+00 1.095207117168621949e+02
9.500000000000000000e+00 1.083770079714946917e+02
9.600000000000001421e+00 1.070643035622356365e+02
9.700000000000001066e+00 1.055764456652500769e+02
9.800000000000000711e+00 1.039072501765502778e+02
9.900000000000000355e+00 1.020505094294967421e+02
1.000000000000000000e+01 1.000000000000000000e+02
