t = 7.040000
x    u(x,t)
0.000000000000000000e+00 0.000000000000000000e+00
1.000000000000000056e-01 1.126988179901861287e+00
2.000000000000000111e-01 2.254566689660510548e+00
3.000000000000000444e-01 3.383324798506068376e+00
4.000000000000000222e-01 4.513849655434674091e+00
5.000000000000000000e-01 5.646725231599609707e+00
6.000000000000000888e-01 6.782531265599810233e+00
7.000000000000000666e-01 7.921842212445466380e+00
8.000000000000000444e-01 9.065226196823306992e+00
9.000000000000000222e-01 1.021324397109050786e+01
1.000000000000000000e+00 1.136644787819822078e+01
1.100000000000000089e+00 1.252538081948550186e+01
1.200000000000000178e+00 1.369057522699447738e+01
1.300000000000000044e+00 1.486255203964129024e+01
1.400000000000000133e+00 1.604181968223730692e+01
1.500000000000000000e+00 1.722887304599557368e+01
1.600000000000000089e+00 1.842419246878177574e+01
1.700000000000000178e+00 1.962824271298125822e+01
1.800000000000000044e+00 2.084147193845879897e+01
1.900000000000000133e+00 2.206431066768931260e+01
2.000000000000000000e+00 2.329717073974127928e+01
2.100000000000000089e+00 2.454044424940477853e+01
2.200000000000000178e+00 2.579450246737726715e+01
2.300000000000000266e+00 2.705969473705872375e+01
2.400000000000000355e+00 2.833634734316732917e+01
2.500000000000000000e+00 2.962476234707400025e+01
2.600000000000000089e+00 3.092521638347306023e+01
2.700000000000000178e+00 3.223795941276246424e+01
2.800000000000000266e+00 3.356321342330622315e+01
2.900000000000000355e+00 3.490117107759698456e+01
3.000000000000000000e+00 3.625199429623555147e+01
3.100000000000000089e+00 3.761581277359874775e+01
3.200000000000000178e+00 3.899272241908303727e+01
3.300000000000000266e+00 4.038278371789304089e+01
3.400000000000000355e+00 4.178602000549359019e+01
3.500000000000000000e+00 4.320241565006678286e+01
3.600000000000000089e+00 4.463191413761341408e+01
3.700000000000000178e+00 4.607441605471307611e+01
3.800000000000000266e+00 4.752977696441263333e+01
3.900000000000000355e+00 4.899780517124812462e+01
4.000000000000000000e+00 5.047825937202285473e+01
4.100000000000000533e+00 5.197084618966338354e+01
4.200000000000000178e+00 5.347521758825487836e+01
4.299999999999999822e+00 5.499096816821690936e+01
4.400000000000000355e+00 5.651763234151609083e+01
4.500000000000000000e+00 5.805468138782347154e+01
4.600000000000000533e+00 5.960152039360362153e+01
4.700000000000000178e+00 6.115748507726765837e+01
4.800000000000000711e+00 6.272183850472669775e+01
4.900000000000000355e+00 6.429376770093819005e+01
5.000000000000000000e+00 6.587238016433929033e+01
5.100000000000000533e+00 6.745670029239734333e+01
5.200000000000000178e+00 6.904566572787240375e+01
5.300000000000000711e+00 7.063812363676530026e+01
5.400000000000000355e+00 7.223282693031060830e+01
5.500000000000000000e+00 7.382843044475093564e+01
5.600000000000000533e+00 7.542348709398876849e+01
5.700000000000000178e+00 7.701644401153772890e+01
5.800000000000000711e+00 7.860563869947615956e+01
5.900000000000000355e+00 8.018929520332581262e+01
6.000000000000000000e+00 8.176552033292603028e+01
6.100000000000000533e+00 8.333229995043113547e+01
6.200000000000000178e+00 8.488749534751592307e+01
6.300000000000000711e+00 8.642883973471286652e+01
6.400000000000000355e+00 8.795393486651478554e+01
6.500000000000000000e+00 8.946024782644410323e+01
6.600000000000000533e+00 9.094510799670065637e+01
6.700000000000000178e+00 9.240570423724625471e+01
6.800000000000000711e+00 9.383908229925184230e+01
6.900000000000000355e+00 9.524214249771546292e+01
7.000000000000000000e+00 9.661163766774923545e+01
7.100000000000000533e+00 9.794417142852169889e+01
7.200000000000000178e+00 9.923619677812850171e+01
7.300000000000000711e+00 1.004840150417429214e+02
7.400000000000000355e+00 1.016837751942697992e+02
7.500000000000000000e+00 1.028314735773937798e+02
7.600000000000000533e+00 1.039229540293762568e+02
7.700000000000000178e+00 1.049539084442258599e+02
7.800000000000000711e+00 1.059198777749459310e+02
7.900000000000000355e+00 1.068162534934660499e+02
8.000000000000000000e+00 1.076382795176005658e+02
8.099999999999999645e+00 1.083810546129621315e+02
8.200000000000001066e+00 1.090395352752081095e+02
8.300000000000000711e+00 1.096085390953301300e+02
8.400000000000000355e+00 1.100827486079327997e+02
8.500000000000000000e+00 1.104567156196061291e+02
8.599999999999999645e+00 1.107248660116040497e+02
8.700000000000001066e+00 1.108815050081175571e+02
8.800000000000000711e+00 1.109208228985040563e+02
8.900000000000000355e+00 1.108369011989277482e+02
9.000000000000000000e+00 1.106237192360056270e+02
9.099999999999999645e+00 1.102751611322656657e+02
9.200000000000001066e+00 1.097850231705337052e+02
9.300000000000000711e+00 1.091470215117967655e+02
9.400000000000000355e+00 1.083548002386697675e+02
9.500000000000000000e+00 1.074019396943402000e+02
9.600000000000001421e+00 1.062819650848055346e+02
9.700000000000001066e+00 1.049883553103668419e+02
9.800000000000000711e+00 1.035145519907231488e+02
9.900000000000000355e+00 1.018539686466339163e+02
1.000000000000000000e+01 1.000000000000000000e+02
