t = 6.260000
x    u(x,t)
0.000000000000000000e+00 0.000000000000000000e+00
1.000000000000000056e-01 1.025148129999084112e+00
2.000000000000000111e-01 2.050929157664625802e+00
3.000000000000000444e-01 3.077974845749167354e+00
4.000000000000000222e-01 4.106914690087166697e+00
5.000000000000000000e-01 5.138374793352862291e+00
6.000000000000000888e-01 6.172976747318037916e+00
7.000000000000000666e-01 7.211336526177208661e+00
8.000000000000000444e-01 8.254063393282905281e+00
9.000000000000000222e-01 9.301758823356367500e+00
1.000000000000000000e+00 1.035501544191156320e+01
1.100000000000000089e+00 1.141441598325589624e+01
1.200000000000000178e+00 1.248053226801234139e+01
1.300000000000000044e+00 1.355392420064925574e+01
1.400000000000000133e+00 1.463513878700910276e+01
1.500000000000000000e+00 1.572470917130108781e+01
1.600000000000000089e+00 1.682315369146930095e+01
1.700000000000000178e+00 1.793097495127267749e+01
1.800000000000000044e+00 1.904865890682163965e+01
1.900000000000000133e+00 2.017667396471345498e+01
2.000000000000000000e+00 2.131547008830057166e+01
2.100000000000000089e+00 2.246547790801945155e+01
2.200000000000000178e+00 2.362710783110703616e+01
2.300000000000000266e+00 2.480074914544540832e+01
2.400000000000000355e+00 2.598676911170761272e+01
2.500000000000000000e+00 2.718551203743629685e+01
2.600000000000000089e+00 2.839729832617787153e+01
2.700000000000000178e+00 2.962242349432458610e+01
2.800000000000000266e+00 3.086115714789263365e+01
2.900000000000000355e+00 3.211374191109092635e+01
3.000000000000000000e+00 3.338039229822106080e+01
3.100000000000000089e+00 3.466129352019844845e+01
3.200000000000000178e+00 3.595660021680515683e+01
3.300000000000000266e+00 3.726643510568217010e+01
3.400000000000000355e+00 3.859088753904776325e+01
3.500000000000000000e+00 3.993001195919575252e+01
3.600000000000000089e+00 4.128382624398755496e+01
3.700000000000000178e+00 4.265230993380901481e+01
3.800000000000000266e+00 4.403540233182290820e+01
3.900000000000000355e+00 4.543300046981220675e+01
4.000000000000000000e+00 4.684495693248348402e+01
4.100000000000000533e+00 4.827107753378442823e+01
4.200000000000000178e+00 4.971111883958773348e+01
4.299999999999999822e+00 5.116478553200493451e+01
4.400000000000000355e+00 5.263172761161960267e+01
4.500000000000000000e+00 5.411153743506740454e+01
4.600000000000000533e+00 5.560374658663965874e+01
4.700000000000000178e+00 5.710782258394266364e+01
4.800000000000000711e+00 5.862316541910409740e+01
4.900000000000000355e+00 6.014910393857305593e+01
5.000000000000000000e+00 6.168489206620576226e+01
5.100000000000000533e+00 6.322970487605346079e+01
5.200000000000000178e+00 6.478263452306688919e+01
5.300000000000000711e+00 6.634268604178585349e+01
5.400000000000000355e+00 6.790877302498435597e+01
5.500000000000000000e+00 6.947971319617435881e+01
5.600000000000000533e+00 7.105422389181975973e+01
5.700000000000000178e+00 7.263091747105910656e+01
5.800000000000000711e+00 7.420829667266261254e+01
5.900000000000000355e+00 7.578474994083669003e+01
6.000000000000000000e+00 7.735854674331743297e+01
6.100000000000000533e+00 7.892783290694133314e+01
6.200000000000000178e+00 8.049062599752707570e+01
6.300000000000000711e+00 8.204481077242166975e+01
6.400000000000000355e+00 8.358813473543921191e+01
6.500000000000000000e+00 8.511820382512537719e+01
6.600000000000000533e+00 8.663247826829763198e+01
6.700000000000000178e+00 8.812826863161680535e+01
6.800000000000000711e+00 8.960273210452251647e+01
6.900000000000000355e+00 9.105286904719338281e+01
7.000000000000000000e+00 9.247551983725875857e+01
7.100000000000000533e+00 9.386736204877513501e+01
7.200000000000000178e+00 9.522490799647789572e+01
7.300000000000000711e+00 9.654450267751622050e+01
7.400000000000000355e+00 9.782232214177125229e+01
7.500000000000000000e+00 9.905437232044039320e+01
7.600000000000000533e+00 1.002364883408436356e+02
7.700000000000000178e+00 1.013643343533767478e+02
7.800000000000000711e+00 1.024334038942045169e+02
7.900000000000000355e+00 1.034390208046687007e+02
8.000000000000000000e+00 1.043763407254924118e+02
8.099999999999999645e+00 1.052403531807143935e+02
8.200000000000001066e+00 1.060258842629035456e+02
8.300000000000000711e+00 1.067275999276118768e+02
8.400000000000000355e+00 1.073400099012501130e+02
8.500000000000000000e+00 1.078574722026459654e+02
8.599999999999999645e+00 1.082741982745046414e+02
8.700000000000001066e+00 1.085842587168701812e+02
8.800000000000000711e+00 1.087815896105211664e+02
8.900000000000000355e+00 1.088599994140686533e+02
9.000000000000000000e+00 1.088131764143921600e+02
9.099999999999999645e+00 1.086346967059994171e+02
9.200000000000001066e+00 1.083180326709608892e+02
9.300000000000000711e+00 1.078565619272977472e+02
9.400000000000000355e+00 1.072435767101251400e+02
9.500000000000000000e+00 1.064722936465161069e+02
9.600000000000001421e+00 1.055358638819833459e+02
9.700000000000001066e+00 1.044273835137154265e+02
9.800000000000000711e+00 1.031399042832781703e+02
9.900000000000000355e+00 1.016664444794274971e+02
1.000000000000000000e+01 1.000000000000000000e+02
