t = 2.180000
x    u(x,t)
0.000000000000000000e+00 0.000000000000000000e+00
1.000000000000000056e-01 4.537028113590128031e-01
2.000000000000000111e-01 9.084864089550134247e-01
3.000000000000000444e-01 1.365426615717179049e+00
4.000000000000000222e-01 1.825589396440968404e+00
5.000000000000000000e-01 2.290026098348816319e+00
6.000000000000000888e-01 2.759768890838642630e+00
7.000000000000000666e-01 3.235826463691362065e+00
8.000000000000000444e-01 3.719180037196415878e+00
9.000000000000000222e-01 4.210779730743185567e+00
1.000000000000000000e+00 4.711541328630560521e+00
1.100000000000000089e+00 5.222343473403992853e+00
1.200000000000000178e+00 5.744025308189914192e+00
1.300000000000000044e+00 6.277384580515976253e+00
1.400000000000000133e+00 6.823176211231258392e+00
1.500000000000000000e+00 7.382111323608323339e+00
1.600000000000000089e+00 7.954856719731448145e+00
1.700000000000000178e+00 8.542034784036481199e+00
1.800000000000000044e+00 9.144223787518143354e+00
1.900000000000000133e+00 9.761958560772825422e+00
2.000000000000000000e+00 1.039573149977386457e+01
2.100000000000000089e+00 1.104599386511664250e+01
2.200000000000000178e+00 1.171315733342061449e+01
2.300000000000000266e+00 1.239759575859789109e+01
2.400000000000000355e+00 1.309964710072522109e+01
2.500000000000000000e+00 1.381961548119557293e+01
2.600000000000000089e+00 1.455777332456245965e+01
2.700000000000000178e+00 1.531436354989687310e+01
2.800000000000000266e+00 1.608960177741526465e+01
2.900000000000000355e+00 1.688367851946577858e+01
3.000000000000000000e+00 1.769676132853943074e+01
3.100000000000000089e+00 1.852899687866768375e+01
3.200000000000000178e+00 1.938051296025201253e+01
3.300000000000000266e+00 2.025142037193053568e+01
3.400000000000000355e+00 2.114181469641911093e+01
3.500000000000000000e+00 2.205177795028388488e+01
3.600000000000000089e+00 2.298138010023465228e+01
3.700000000000000178e+00 2.393068044071517519e+01
3.800000000000000266e+00 2.489972882926192099e+01
3.900000000000000355e+00 2.588856677726978006e+01
4.000000000000000000e+00 2.689722839441949986e+01
4.100000000000000533e+00 2.792574118506744441e+01
4.200000000000000178e+00 2.897412669436456767e+01
4.299999999999999822e+00 3.004240100075215736e+01
4.400000000000000355e+00 3.113057504977510348e+01
4.500000000000000000e+00 3.223865482186284481e+01
4.600000000000000533e+00 3.336664132385762116e+01
4.700000000000000178e+00 3.451453039063076034e+01
4.800000000000000711e+00 3.568231227913635450e+01
4.900000000000000355e+00 3.686997103272991438e+01
5.000000000000000000e+00 3.807748358856314752e+01
5.100000000000000533e+00 3.930481859540046230e+01
5.200000000000000178e+00 4.055193490335332740e+01
5.300000000000000711e+00 4.181877968088027586e+01
5.400000000000000355e+00 4.310528610806264282e+01
5.500000000000000000e+00 4.441137058877976074e+01
5.600000000000000533e+00 4.573692941814054791e+01
5.700000000000000178e+00 4.708183483559034244e+01
5.800000000000000711e+00 4.844593038874207735e+01
5.900000000000000355e+00 4.982902552845807520e+01
6.000000000000000000e+00 5.123088935234791563e+01
6.100000000000000533e+00 5.265124341198878000e+01
6.200000000000000178e+00 5.408975349918781461e+01
6.300000000000000711e+00 5.554602032887141405e+01
6.400000000000000355e+00 5.701956904108974555e+01
6.500000000000000000e+00 5.850983745254026758e+01
6.600000000000000533e+00 6.001616299928336673e+01
6.700000000000000178e+00 6.153776832724491186e+01
6.800000000000000711e+00 6.307374550589692319e+01
6.900000000000000355e+00 6.462303886331415015e+01
7.000000000000000000e+00 6.618442646763828918e+01
7.100000000000000533e+00 6.775650031072655111e+01
7.200000000000000178e+00 6.933764528414582173e+01
7.300000000000000711e+00 7.092601707525676602e+01
7.400000000000000355e+00 7.251951915129318138e+01
7.500000000000000000e+00 7.411577904127862837e+01
7.600000000000000533e+00 7.571212416835106751e+01
7.700000000000000178e+00 7.730555752744010078e+01
7.800000000000000711e+00 7.889273354396506477e+01
7.900000000000000355e+00 8.046993448689188710e+01
8.000000000000000000e+00 8.203304784262104477e+01
8.099999999999999645e+00 8.357754508327340659e+01
8.200000000000001066e+00 8.509846228252581568e+01
8.300000000000000711e+00 8.659038304283880905e+01
8.400000000000000355e+00 8.804742419849355883e+01
8.500000000000000000e+00 8.946322474830544991e+01
8.599999999999999645e+00 9.083093844948309936e+01
8.700000000000001066e+00 9.214323046946000773e+01
8.800000000000000711e+00 9.339227844562552150e+01
8.900000000000000355e+00 9.456977824412206246e+01
9.000000000000000000e+00 9.566695463907090868e+01
9.099999999999999645e+00 9.667457705399702661e+01
9.200000000000001066e+00 9.758298041949302615e+01
9.300000000000000711e+00 9.838209110732408647e+01
9.400000000000000355e+00 9.906145780357211095e+01
9.500000000000000000e+00 9.961028708462869474e+01
9.600000000000001421e+00 1.000174833626201121e+02
9.700000000000001066e+00 1.002716927739791544e+02
9.800000000000000711e+00 1.003613504991302108e+02
9.900000000000000355e+00 1.002747309252332428e+02
1.000000000000000000e+01 1.000000000000000000e+02
