t = 9.510000
x    u(x,t)
0.000000000000000000e+00 0.000000000000000000e+00
1.000000000000000056e-01 1.438807078065647893e+00
2.000000000000000111e-01 2.878071924323748476e+00
3.000000000000000444e-01 4.318251168625860004e+00
4.000000000000000222e-01 5.759799162559950503e+00
5.000000000000000000e-01 7.203166836357651981e+00
6.000000000000000888e-01 8.648800551030447537e+00
7.000000000000000666e-01 1.009714094411507190e+01
8.000000000000000444e-01 1.154862176738430612e+01
9.000000000000000222e-01 1.300366871485026365e+01
1.000000000000000000e+00 1.446269823935451271e+01
1.100000000000000089e+00 1.592611635600332853e+01
1.200000000000000178e+00 1.739431743066852931e+01
1.300000000000000044e+00 1.886768295173591881e+01
1.400000000000000133e+00 2.034658028324533774e+01
1.500000000000000000e+00 2.183136139753067440e+01
1.600000000000000089e+00 2.332236158543613058e+01
1.700000000000000178e+00 2.481989814215807399e+01
1.800000000000000044e+00 2.632426902674212243e+01
1.900000000000000133e+00 2.783575149325371356e+01
2.000000000000000000e+00 2.935460069163974239e+01
2.100000000000000089e+00 3.088104823631035600e+01
2.200000000000000178e+00 3.241530074049485677e+01
2.300000000000000266e+00 3.395753831446732107e+01
2.400000000000000355e+00 3.550791302579484210e+01
2.500000000000000000e+00 3.706654731983920215e+01
2.600000000000000089e+00 3.863353239883945633e+01
2.700000000000000178e+00 4.020892655802269644e+01
2.800000000000000266e+00 4.179275347733209856e+01
2.900000000000000355e+00 4.338500046752737660e+01
3.000000000000000000e+00 4.498561666960441841e+01
3.100000000000000089e+00 4.659451120669749713e+01
3.200000000000000178e+00 4.821155128787083299e+01
3.300000000000000266e+00 4.983656026347638601e+01
3.400000000000000355e+00 5.146931563205038174e+01
3.500000000000000000e+00 5.310954699904510079e+01
3.600000000000000089e+00 5.475693398804028789e+01
3.700000000000000178e+00 5.641110410545373099e+01
3.800000000000000266e+00 5.807163056016840130e+01
3.900000000000000355e+00 5.973803003991536542e+01
4.000000000000000000e+00 6.140976044669434231e+01
4.100000000000000533e+00 6.308621859397636200e+01
4.200000000000000178e+00 6.476673786891288387e+01
4.299999999999999822e+00 6.645058586327037631e+01
4.400000000000000355e+00 6.813696197731611903e+01
4.500000000000000000e+00 6.982499500139714144e+01
4.600000000000000533e+00 7.151374068047682897e+01
4.700000000000000178e+00 7.320217926741727865e+01
4.800000000000000711e+00 7.488921307131963090e+01
4.900000000000000355e+00 7.657366400775208604e+01
5.000000000000000000e+00 7.825427115820464508e+01
5.100000000000000533e+00 7.992968834660484845e+01
5.200000000000000178e+00 8.159848174120624265e+01
5.300000000000000711e+00 8.325912749061703266e+01
5.400000000000000355e+00 8.491000940316502010e+01
5.500000000000000000e+00 8.654941667919243287e+01
5.600000000000000533e+00 8.817554170623628806e+01
5.700000000000000178e+00 8.978647792737234568e+01
5.800000000000000711e+00 9.138021779327812055e+01
5.900000000000000355e+00 9.295465080880050834e+01
6.000000000000000000e+00 9.450756168499030707e+01
6.100000000000000533e+00 9.603662860768815790e+01
6.200000000000000178e+00 9.753942163380803265e+01
6.300000000000000711e+00 9.901340122646490727e+01
6.400000000000000355e+00 1.004559169400273788e+02
6.500000000000000000e+00 1.018642062660442917e+02
6.600000000000000533e+00 1.032353936507922754e+02
6.700000000000000178e+00 1.045664896949194116e+02
6.800000000000000711e+00 1.058543905453155389e+02
6.900000000000000355e+00 1.070958774889252823e+02
7.000000000000000000e+00 1.082876167577310156e+02
7.100000000000000533e+00 1.094261595535760847e+02
7.200000000000000178e+00 1.105079423008693738e+02
7.300000000000000711e+00 1.115292871345162524e+02
7.400000000000000355e+00 1.124864026296602191e+02
7.500000000000000000e+00 1.133753847789946150e+02
7.600000000000000533e+00 1.141922182225215465e+02
7.700000000000000178e+00 1.149327777336979324e+02
7.800000000000000711e+00 1.155928299649200710e+02
7.900000000000000355e+00 1.161680354542672688e+02
8.000000000000000000e+00 1.166539508943520644e+02
8.099999999999999645e+00 1.170460316630206989e+02
8.200000000000001066e+00 1.173396346145165552e+02
8.300000000000000711e+00 1.175300211285670144e+02
8.400000000000000355e+00 1.176123604136922438e+02
8.500000000000000000e+00 1.175817330598631543e+02
8.599999999999999645e+00 1.174331348344717725e+02
8.700000000000001066e+00 1.171614807144178485e+02
8.800000000000000711e+00 1.167616091459788663e+02
8.900000000000000355e+00 1.162282865230154130e+02
9.000000000000000000e+00 1.155562118729838232e+02
9.099999999999999645e+00 1.147400217391887196e+02
9.200000000000001066e+00 1.137742952467154964e+02
9.300000000000000711e+00 1.126535593385466427e+02
9.400000000000000355e+00 1.113722941674897271e+02
9.500000000000000000e+00 1.099249386287386159e+02
9.600000000000001421e+00 1.083058960171562859e+02
9.700000000000001066e+00 1.065095397927134258e+02
9.800000000000000711e+00 1.045302194369472772e+02
9.900000000000000355e+00 1.023622663828242594e+02
1.000000000000000000e+01 1.000000000000000000e+02
