t = 6.480000
x    u(x,t)
0.000000000000000000e+00 0.000000000000000000e+00
1.000000000000000056e-01 1.054040939724694370e+00
2.000000000000000111e-01 2.108702458756585241e+00
3.000000000000000444e-01 3.164604030081288766e+00
4.000000000000000222e-01 4.222362916348922468e+00
5.000000000000000000e-01 5.282593070423345694e+00
6.000000000000000888e-01 6.345904042646202114e+00
7.000000000000000666e-01 7.412899896812747969e+00
8.000000000000000444e-01 8.484178136652467117e+00
9.000000000000000222e-01 9.560328644355777783e+00
1.000000000000000000e+00 1.064193263239127596e+01
1.100000000000000089e+00 1.172956160951839166e+01
1.200000000000000178e+00 1.282377636152106781e+01
1.300000000000000044e+00 1.392512594677299198e+01
1.400000000000000133e+00 1.503414670629716454e+01
1.500000000000000000e+00 1.615136128750699740e+01
1.600000000000000089e+00 1.727727768031682842e+01
1.700000000000000178e+00 1.841238826379122884e+01
1.800000000000000044e+00 1.955716886097073015e+01
1.900000000000000133e+00 2.071207779897046564e+01
2.000000000000000000e+00 2.187755497090452650e+01
2.100000000000000089e+00 2.305402089564756452e+01
2.200000000000000178e+00 2.424187577091182177e+01
2.300000000000000266e+00 2.544149851459948408e+01
2.400000000000000355e+00 2.665324578889135765e+01
2.500000000000000000e+00 2.787745100106115004e+01
2.600000000000000089e+00 2.911442327456510171e+01
2.700000000000000178e+00 3.036444638355595060e+01
2.800000000000000266e+00 3.162777764361462829e+01
2.900000000000000355e+00 3.290464675118753490e+01
3.000000000000000000e+00 3.419525456396990393e+01
3.100000000000000089e+00 3.549977181428979378e+01
3.200000000000000178e+00 3.681833774743078891e+01
3.300000000000000266e+00 3.815105867678808949e+01
3.400000000000000355e+00 3.949800644778856906e+01
3.500000000000000000e+00 4.085921680262502775e+01
3.600000000000000089e+00 4.223468763806294390e+01
3.700000000000000178e+00 4.362437714887825280e+01
3.800000000000000266e+00 4.502820184988102170e+01
3.900000000000000355e+00 4.644603446997448515e+01
4.000000000000000000e+00 4.787770171229554705e+01
4.100000000000000533e+00 4.932298187518129851e+01
4.200000000000000178e+00 5.078160232950941833e+01
4.299999999999999822e+00 5.225323684886598841e+01
4.400000000000000355e+00 5.373750279000370256e+01
4.500000000000000000e+00 5.523395812216342193e+01
4.600000000000000533e+00 5.674209830504032936e+01
4.700000000000000178e+00 5.826135301647746445e+01
4.800000000000000711e+00 5.979108273236075632e+01
4.900000000000000355e+00 6.133057516266241294e+01
5.000000000000000000e+00 6.287904154912808252e+01
5.100000000000000533e+00 6.443561283171612786e+01
5.200000000000000178e+00 6.599933569256788246e+01
5.300000000000000711e+00 6.756916848800088360e+01
5.400000000000000355e+00 6.914397708076262461e+01
5.500000000000000000e+00 7.072253058654573010e+01
5.600000000000000533e+00 7.230349705053112075e+01
5.700000000000000178e+00 7.388543907147909806e+01
5.800000000000000711e+00 7.546680939260969012e+01
5.900000000000000355e+00 7.704594648018952796e+01
6.000000000000000000e+00 7.862107011234914467e+01
6.100000000000000533e+00 8.019027700217824872e+01
6.200000000000000178e+00 8.175153648056472377e+01
6.300000000000000711e+00 8.330268626553582578e+01
6.400000000000000355e+00 8.484142834601229310e+01
6.500000000000000000e+00 8.636532500887406627e+01
6.600000000000000533e+00 8.787179503904410183e+01
6.700000000000000178e+00 8.935811012290865563e+01
6.800000000000000711e+00 9.082139148578713161e+01
6.900000000000000355e+00 9.225860679433313294e+01
7.000000000000000000e+00 9.366656735467350359e+01
7.100000000000000533e+00 9.504192563676363648e+01
7.200000000000000178e+00 9.638117315484713288e+01
7.300000000000000711e+00 9.768063873304714662e+01
7.400000000000000355e+00 9.893648718398345920e+01
7.500000000000000000e+00 1.001447184269001980e+02
7.600000000000000533e+00 1.013011670701064730e+02
7.700000000000000178e+00 1.024015024805814278e+02
7.800000000000000711e+00 1.034412293613814740e+02
7.900000000000000355e+00 1.044156888550234896e+02
8.000000000000000000e+00 1.053200601883172425e+02
8.099999999999999645e+00 1.061493628711997275e+02
8.200000000000001066e+00 1.068984594590020265e+02
8.300000000000000711e+00 1.075620588842827203e+02
8.400000000000000355e+00 1.081347203609105208e+02
8.500000000000000000e+00 1.086108578595051313e+02
8.599999999999999645e+00 1.089847451496786164e+02
8.700000000000001066e+00 1.092505214007887417e+02
8.800000000000000711e+00 1.094021973291589234e+02
8.900000000000000355e+00 1.094336618759676156e+02
9.000000000000000000e+00 1.093386893962993014e+02
9.099999999999999645e+00 1.091109473362185440e+02
9.200000000000001066e+00 1.087440043712069979e+02
9.300000000000000711e+00 1.082313389759343067e+02
9.400000000000000355e+00 1.075663483921423307e+02
9.500000000000000000e+00 1.067423579584490341e+02
9.600000000000001421e+00 1.057526307631493978e+02
9.700000000000001066e+00 1.045903775786352696e+02
9.800000000000000711e+00 1.032487670339015153e+02
9.900000000000000355e+00 1.017209359797734294e+02
1.000000000000000000e+01 1.000000000000000000e+02
