t = 5.390000
x    u(x,t)
0.000000000000000000e+00 0.000000000000000000e+00
1.000000000000000056e-01 9.094989187178943446e-01
2.000000000000000111e-01 1.819683704225216303e+00
3.000000000000000444e-01 2.731238900193714514e+00
4.000000000000000222e-01 3.644846410008312887e+00
5.000000000000000000e-01 4.561184191410618816e+00
6.000000000000000888e-01 5.480924968651194717e+00
7.000000000000000666e-01 6.404734967596636963e+00
8.000000000000000444e-01 7.333272678907717612e+00
9.000000000000000222e-01 8.267187653998382402e+00
1.000000000000000000e+00 9.207119338006059195e+00
1.100000000000000089e+00 1.015369594345576765e+01
1.200000000000000178e+00 1.110753336768897270e+01
1.300000000000000044e+00 1.206923415645847619e+01
1.400000000000000133e+00 1.303938651536865478e+01
1.500000000000000000e+00 1.401856337007252407e+01
1.600000000000000089e+00 1.500732147533000926e+01
1.700000000000000178e+00 1.600620057219195047e+01
1.800000000000000044e+00 1.701572259170955093e+01
1.900000000000000133e+00 1.803639090268546852e+01
2.000000000000000000e+00 1.906868960008844027e+01
2.100000000000000089e+00 2.011308282985543627e+01
2.200000000000000178e+00 2.117001414491053879e+01
2.300000000000000266e+00 2.223990588634630328e+01
2.400000000000000355e+00 2.332315858284733778e+01
2.500000000000000000e+00 2.442015036059511601e+01
2.600000000000000089e+00 2.553123635508463352e+01
2.700000000000000178e+00 2.665674811551372159e+01
2.800000000000000266e+00 2.779699299168286331e+01
2.900000000000000355e+00 2.895225349267225567e+01
3.000000000000000000e+00 3.012278660595291768e+01
3.100000000000000089e+00 3.130882306504454249e+01
3.200000000000000178e+00 3.251056655336278567e+01
3.300000000000000266e+00 3.372819283150991510e+01
3.400000000000000355e+00 3.496184877496072829e+01
3.500000000000000000e+00 3.621165130888981309e+01
3.600000000000000089e+00 3.747768622678182027e+01
3.700000000000000178e+00 3.876000687947180978e+01
3.800000000000000266e+00 4.005863272138461895e+01
3.900000000000000355e+00 4.137354770098786361e+01
4.000000000000000000e+00 4.270469848285006975e+01
4.100000000000000533e+00 4.405199248920947497e+01
4.200000000000000178e+00 4.541529574961816706e+01
4.299999999999999822e+00 4.679443054803474666e+01
4.400000000000000355e+00 4.818917285770321257e+01
4.500000000000000000e+00 4.959924955528093449e+01
4.600000000000000533e+00 5.102433540696747372e+01
4.700000000000000178e+00 5.246404982084079904e+01
4.800000000000000711e+00 5.391795336123099958e+01
4.900000000000000355e+00 5.538554402275119060e+01
5.000000000000000000e+00 5.686625326356008259e+01
5.100000000000000533e+00 5.835944179954593380e+01
5.200000000000000178e+00 5.986439516339090261e+01
5.300000000000000711e+00 6.138031903488865026e+01
5.400000000000000355e+00 6.290633435143608665e+01
5.500000000000000000e+00 6.444147221028656247e+01
5.600000000000000533e+00 6.598466857692167764e+01
5.700000000000000178e+00 6.753475881675014136e+01
5.800000000000000711e+00 6.909047207025383841e+01
5.900000000000000355e+00 7.065042549464702404e+01
6.000000000000000000e+00 7.221311839806639910e+01
6.100000000000000533e+00 7.377692629523671997e+01
6.200000000000000178e+00 7.534009491642665068e+01
6.300000000000000711e+00 7.690073420428504392e+01
6.400000000000000355e+00 7.845681233579509239e+01
6.500000000000000000e+00 8.000614980906236440e+01
6.600000000000000533e+00 8.154641363692464040e+01
6.700000000000000178e+00 8.307511169139797857e+01
6.800000000000000711e+00 8.458958724471361279e+01
6.900000000000000355e+00 8.608701375411997958e+01
7.000000000000000000e+00 8.756438993868189868e+01
7.100000000000000533e+00 8.901853519697549189e+01
7.200000000000000178e+00 9.044608541481778730e+01
7.300000000000000711e+00 9.184348921195777393e+01
7.400000000000000355e+00 9.320700467596849137e+01
7.500000000000000000e+00 9.453269663039618820e+01
7.600000000000000533e+00 9.581643448253142026e+01
7.700000000000000178e+00 9.705389069396123602e+01
7.800000000000000711e+00 9.824053991433748934e+01
7.900000000000000355e+00 9.937165881556219915e+01
8.000000000000000000e+00 1.004423266598593045e+02
8.099999999999999645e+00 1.014474266309901935e+02
8.200000000000001066e+00 1.023816479532091392e+02
8.300000000000000711e+00 1.032394888174747365e+02
8.400000000000000355e+00 1.040152601289778147e+02
8.500000000000000000e+00 1.047030900842605519e+02
8.599999999999999645e+00 1.052969295801427592e+02
8.700000000000001066e+00 1.057905584503942009e+02
8.800000000000000711e+00 1.061775925196636763e+02
8.900000000000000355e+00 1.064514914576618878e+02
9.000000000000000000e+00 1.066055674100703072e+02
9.099999999999999645e+00 1.066329943761802497e+02
9.200000000000001066e+00 1.065268182969351614e+02
9.300000000000000711e+00 1.062799678109239778e+02
9.400000000000000355e+00 1.058852656300313555e+02
9.500000000000000000e+00 1.053354404809588942e+02
9.600000000000001421e+00 1.046231395537615612e+02
9.700000000000001066e+00 1.037409413939548557e+02
9.800000000000000711e+00 1.026813691707008331e+02
9.900000000000000355e+00 1.014369042501253375e+02
1.000000000000000000e+01 1.000000000000000000e+02
