t = 7.770000
x    u(x,t)
0.000000000000000000e+00 0.000000000000000000e+00
1.000000000000000056e-01 1.220831011767823382e+00
2.000000000000000111e-01 2.442214020321142431e+00
3.000000000000000444e-01 3.664699975133558052e+00
4.000000000000000222e-01 4.888837730849033392e+00
5.000000000000000000e-01 6.115172999325097614e+00
6.000000000000000888e-01 7.344247300949340307e+00
7.000000000000000666e-01 8.576596914860706633e+00
8.000000000000000444e-01 9.812751827600797228e+00
9.000000000000000222e-01 1.105323467958975847e+01
1.000000000000000000e+00 1.229855970866824322e+01
1.100000000000000089e+00 1.354923168977273562e+01
1.200000000000000178e+00 1.480574486961882386e+01
1.300000000000000044e+00 1.606858189505803480e+01
1.400000000000000133e+00 1.733821273355067660e+01
1.500000000000000000e+00 1.861509358396394731e+01
1.600000000000000089e+00 1.989966577566292472e+01
1.700000000000000178e+00 2.119235465361624904e+01
1.800000000000000044e+00 2.249356844699158131e+01
1.900000000000000133e+00 2.380369711847151137e+01
2.000000000000000000e+00 2.512311119128278136e+01
2.100000000000000089e+00 2.645216055070401495e+01
2.200000000000000178e+00 2.779117321660315199e+01
2.300000000000000266e+00 2.914045408336051324e+01
2.400000000000000355e+00 3.050028362335942944e+01
2.500000000000000000e+00 3.187091655007871793e+01
2.600000000000000089e+00 3.325258043670330466e+01
2.700000000000000178e+00 3.464547428608480573e+01
2.800000000000000266e+00 3.604976704783729957e+01
2.900000000000000355e+00 3.746559607834637262e+01
3.000000000000000000e+00 3.889306553950833489e+01
3.100000000000000089e+00 4.033224473210094629e+01
3.200000000000000178e+00 4.178316635982235994e+01
3.300000000000000266e+00 4.324582472022308366e+01
3.400000000000000355e+00 4.472017381899743782e+01
3.500000000000000000e+00 4.620612540440074412e+01
3.600000000000000089e+00 4.770354691891477472e+01
3.700000000000000178e+00 4.921225936569999959e+01
3.800000000000000266e+00 5.073203508784828131e+01
3.900000000000000355e+00 5.226259545898287939e+01
4.000000000000000000e+00 5.380360848434609267e+01
4.100000000000000533e+00 5.535468631216387081e+01
4.200000000000000178e+00 5.691538265578252975e+01
4.299999999999999822e+00 5.848519012783071958e+01
4.400000000000000355e+00 6.006353748846762386e+01
4.500000000000000000e+00 6.164978681063340815e+01
4.600000000000000533e+00 6.324323056611407878e+01
4.700000000000000178e+00 6.484308863716560722e+01
4.800000000000000711e+00 6.644850525940763930e+01
4.900000000000000355e+00 6.805854590268594961e+01
5.000000000000000000e+00 6.967219409761111137e+01
5.100000000000000533e+00 7.128834821649911646e+01
5.200000000000000178e+00 7.290581821846201649e+01
5.300000000000000711e+00 7.452332236941190047e+01
5.400000000000000355e+00 7.613948394874448411e+01
5.500000000000000000e+00 7.775282795544622161e+01
5.600000000000000533e+00 7.936177782731488151e+01
5.700000000000000178e+00 8.096465218788691232e+01
5.800000000000000711e+00 8.255966163651488898e+01
5.900000000000000355e+00 8.414490559782706214e+01
6.000000000000000000e+00 8.571836924751816866e+01
6.100000000000000533e+00 8.727792053205409673e+01
6.200000000000000178e+00 8.882130730041794209e+01
6.300000000000000711e+00 9.034615456646831433e+01
6.400000000000000355e+00 9.184996192081550248e+01
6.500000000000000000e+00 9.333010111134051101e+01
6.600000000000000533e+00 9.478381381157588237e+01
6.700000000000000178e+00 9.620820959613315893e+01
6.800000000000000711e+00 9.760026414218903312e+01
6.900000000000000355e+00 9.895681767573225329e+01
7.000000000000000000e+00 1.002745736808173405e+02
7.100000000000000533e+00 1.015500978894699387e+02
7.200000000000000178e+00 1.027798175691405760e+02
7.300000000000000711e+00 1.039600211237076621e+02
7.400000000000000355e+00 1.050868580229906541e+02
7.500000000000000000e+00 1.061563390745513260e+02
7.600000000000000533e+00 1.071643370502400785e+02
7.700000000000000178e+00 1.081065876784921187e+02
7.800000000000000711e+00 1.089786910118004215e+02
7.900000000000000355e+00 1.097761131770990062e+02
8.000000000000000000e+00 1.104941885149897445e+02
8.099999999999999645e+00 1.111281221118507858e+02
8.200000000000001066e+00 1.116729927268871734e+02
8.300000000000000711e+00 1.121237561141369241e+02
8.400000000000000355e+00 1.124752487373437617e+02
8.500000000000000000e+00 1.127221918734661585e+02
8.599999999999999645e+00 1.128591960984282565e+02
8.700000000000001066e+00 1.128807661465460939e+02
8.800000000000000711e+00 1.127813061329010935e+02
8.900000000000000355e+00 1.125551251257997762e+02
9.000000000000000000e+00 1.121964430543692544e+02
9.099999999999999645e+00 1.116993969343114088e+02
9.200000000000001066e+00 1.110580473928920497e+02
9.300000000000000711e+00 1.102663854723896719e+02
9.400000000000000355e+00 1.093183396894875727e+02
9.500000000000000000e+00 1.082077833264816604e+02
9.600000000000001421e+00 1.069285419287027565e+02
9.700000000000001066e+00 1.054744009812347798e+02
9.800000000000000711e+00 1.038391137368567598e+02
9.900000000000000355e+00 1.020164091661600736e+02
1.000000000000000000e+01 1.000000000000000000e+02
