t = 1.850000
x    u(x,t)
0.000000000000000000e+00 0.000000000000000000e+00
1.000000000000000056e-01 4.021461661298909029e-01
2.000000000000000111e-01 8.054655575367599685e-01
3.000000000000000444e-01 1.211125049371484685e+00
4.000000000000000222e-01 1.620278919825967945e+00
5.000000000000000000e-01 2.034062807081450597e+00
6.000000000000000888e-01 2.453587965022298700e+00
7.000000000000000666e-01 2.879935904705915650e+00
8.000000000000000444e-01 3.314153498395707054e+00
9.000000000000000222e-01 3.757248610967069524e+00
1.000000000000000000e+00 4.210186310122018938e+00
1.100000000000000089e+00 4.673885692570793893e+00
1.200000000000000178e+00 5.149217348649980153e+00
1.300000000000000044e+00 5.637001473233365978e+00
1.400000000000000133e+00 6.138006616715274255e+00
1.500000000000000000e+00 6.652949056724673405e+00
1.600000000000000089e+00 7.182492759420879835e+00
1.700000000000000178e+00 7.727249889016373885e+00
1.800000000000000044e+00 8.287781815779506900e+00
1.900000000000000133e+00 8.864600566317676567e+00
2.000000000000000000e+00 9.458170655477792010e+00
2.100000000000000089e+00 1.006891123669637622e+01
2.200000000000000178e+00 1.069719850698836083e+01
2.300000000000000266e+00 1.134336830382593675e+01
2.400000000000000355e+00 1.200771883372265592e+01
2.500000000000000000e+00 1.269051347616785286e+01
2.600000000000000089e+00 1.339198361139432158e+01
2.700000000000000178e+00 1.411233142604387147e+01
2.800000000000000266e+00 1.485173265685933863e+01
2.900000000000000355e+00 1.561033923883046448e+01
3.000000000000000000e+00 1.638828183052939380e+01
3.100000000000000089e+00 1.718567219549134606e+01
3.200000000000000178e+00 1.800260542426101296e+01
3.300000000000000266e+00 1.883916198700267230e+01
3.400000000000000355e+00 1.969540961126166678e+01
3.500000000000000000e+00 2.057140498349923163e+01
3.600000000000000089e+00 2.146719527636085445e+01
3.700000000000000178e+00 2.238281950626519290e+01
3.800000000000000266e+00 2.331830972781933653e+01
3.900000000000000355e+00 2.427369207279480889e+01
4.000000000000000000e+00 2.524898764196500167e+01
4.100000000000000533e+00 2.624421325803925598e+01
4.200000000000000178e+00 2.725938208726426737e+01
4.299999999999999822e+00 2.829450413602598502e+01
4.400000000000000355e+00 2.934958662699636633e+01
4.500000000000000000e+00 3.042463425704055879e+01
4.600000000000000533e+00 3.151964933623130705e+01
4.700000000000000178e+00 3.263463180390066043e+01
4.800000000000000711e+00 3.376957911367411924e+01
4.900000000000000355e+00 3.492448597485362427e+01
5.000000000000000000e+00 3.609934393231151972e+01
5.100000000000000533e+00 3.729414076119742560e+01
5.200000000000000178e+00 3.850885964621908641e+01
5.300000000000000711e+00 3.974347810802257897e+01
5.400000000000000355e+00 4.099796663127510499e+01
5.500000000000000000e+00 4.227228694048044844e+01
5.600000000000000533e+00 4.356638986040552908e+01
5.700000000000000178e+00 4.488021268838951983e+01
5.800000000000000711e+00 4.621367599592070974e+01
5.900000000000000355e+00 4.756667976694477318e+01
6.000000000000000000e+00 4.893909877072922399e+01
6.100000000000000533e+00 5.033077705814540082e+01
6.200000000000000178e+00 5.174152146241856798e+01
6.300000000000000711e+00 5.317109397929108638e+01
6.400000000000000355e+00 5.461920289777042825e+01
6.500000000000000000e+00 5.608549255187943317e+01
6.600000000000000533e+00 5.756953156681615980e+01
6.700000000000000178e+00 5.907079948041155149e+01
6.800000000000000711e+00 6.058867163346994289e+01
6.900000000000000355e+00 6.212240224116407461e+01
7.000000000000000000e+00 6.367110558270646692e+01
7.100000000000000533e+00 6.523373527845902231e+01
7.200000000000000178e+00 6.680906166270037261e+01
7.300000000000000711e+00 6.839564730642503321e+01
7.400000000000000355e+00 6.999182079748356955e+01
7.500000000000000000e+00 7.159564894443502681e+01
7.600000000000000533e+00 7.320490763465410566e+01
7.700000000000000178e+00 7.481705164511353701e+01
7.800000000000000711e+00 7.642918377406668640e+01
7.900000000000000355e+00 7.803802373144591797e+01
8.000000000000000000e+00 7.963987729271687499e+01
8.099999999999999645e+00 8.123060628248518356e+01
8.200000000000001066e+00 8.280560000748546656e+01
8.300000000000000711e+00 8.435974880079082538e+01
8.400000000000000355e+00 8.588742036734463170e+01
8.500000000000000000e+00 8.738243963263946057e+01
8.599999999999999645e+00 8.883807278932370366e+01
8.700000000000001066e+00 9.024701620898666476e+01
8.800000000000000711e+00 9.160139083728432752e+01
8.900000000000000355e+00 9.289274261960555634e+01
9.000000000000000000e+00 9.411204941216350051e+01
9.099999999999999645e+00 9.524973472114396600e+01
9.200000000000001066e+00 9.629568848266340808e+01
9.300000000000000711e+00 9.723929495195476136e+01
9.400000000000000355e+00 9.806946761536045187e+01
9.500000000000000000e+00 9.877469087796539782e+01
9.600000000000001421e+00 9.934306811812709270e+01
9.700000000000001066e+00 9.976237554311046551e+01
9.800000000000000711e+00 1.000201211329175379e+02
9.900000000000000355e+00 1.001036078274345726e+02
1.000000000000000000e+01 1.000000000000000000e+02
