t = 0.530000
x    u(x,t)
0.000000000000000000e+00 0.000000000000000000e+00
1.000000000000000056e-01 1.693585618165275031e-01
2.000000000000000111e-01 3.409089091966381879e-01
3.000000000000000444e-01 5.168012945171701622e-01
4.000000000000000222e-01 6.991052787308857930e-01
5.000000000000000000e-01 8.897750953904670634e-01
6.000000000000000888e-01 1.090621259687940769e+00
7.000000000000000666e-01 1.303289579861699687e+00
8.000000000000000444e-01 1.529248093944350462e+00
9.000000000000000222e-01 1.769781827353377635e+00
1.000000000000000000e+00 2.025994714548744025e+00
1.100000000000000089e+00 2.298817602282328121e+00
1.200000000000000178e+00 2.589020981828606516e+00
1.300000000000000044e+00 2.897230988451745759e+00
1.400000000000000133e+00 3.223947242934870783e+00
1.500000000000000000e+00 3.569561261901422533e+00
1.600000000000000089e+00 3.934374392465151526e+00
1.700000000000000178e+00 4.318614492859454757e+00
1.800000000000000044e+00 4.722450848973636539e+00
1.900000000000000133e+00 5.146007060132704147e+00
2.000000000000000000e+00 5.589371828644648765e+00
2.100000000000000089e+00 6.052607738657279413e+00
2.200000000000000178e+00 6.535758210605198570e+00
2.300000000000000266e+00 7.038852873461690862e+00
2.400000000000000355e+00 7.561911616825334193e+00
2.500000000000000000e+00 8.104947578376075157e+00
2.600000000000000089e+00 8.667969298794798050e+00
2.700000000000000178e+00 9.250982243794073412e+00
2.800000000000000266e+00 9.853989857523933082e+00
2.900000000000000355e+00 1.047699427745302003e+01
3.000000000000000000e+00 1.111999681036004439e+01
3.100000000000000089e+00 1.178299824345692492e+01
3.200000000000000178e+00 1.246599904412527060e+01
3.300000000000000266e+00 1.316899948592041270e+01
3.400000000000000355e+00 1.389199972671812766e+01
3.500000000000000000e+00 1.463499985638237888e+01
3.600000000000000089e+00 1.539799992537444773e+01
3.700000000000000178e+00 1.618099996165419441e+01
3.800000000000000266e+00 1.698399998051201010e+01
3.900000000000000355e+00 1.780699999020274760e+01
4.000000000000000000e+00 1.864999999512697926e+01
4.100000000000000533e+00 1.951299999760161441e+01
4.200000000000000178e+00 2.039599999883173709e+01
4.299999999999999822e+00 2.129899999943667765e+01
4.400000000000000355e+00 2.222199999973098272e+01
4.500000000000000000e+00 2.316499999987251712e+01
4.600000000000000533e+00 2.412799999993950806e+01
4.700000000000000178e+00 2.511099999997000864e+01
4.800000000000000711e+00 2.611399999998174692e+01
4.900000000000000355e+00 2.713699999998152279e+01
5.000000000000000000e+00 2.817999999996887439e+01
5.100000000000000533e+00 2.924299999993550259e+01
5.200000000000000178e+00 3.032599999986022610e+01
5.300000000000000711e+00 3.142899999969648661e+01
5.400000000000000355e+00 3.255199999934563238e+01
5.500000000000000000e+00 3.369499999860209272e+01
5.600000000000000533e+00 3.485799999704237706e+01
5.700000000000000178e+00 3.604099999380387231e+01
5.800000000000000711e+00 3.724399998714906701e+01
5.900000000000000355e+00 3.846699997361752565e+01
6.000000000000000000e+00 3.970999994639648634e+01
6.100000000000000533e+00 4.097299989222994299e+01
6.200000000000000178e+00 4.225599978563172954e+01
6.300000000000000711e+00 4.355899957819575974e+01
6.400000000000000355e+00 4.488199917911863679e+01
6.500000000000000000e+00 4.622499842020600624e+01
6.600000000000000533e+00 4.758799699389919624e+01
6.700000000000000178e+00 4.897099434512431770e+01
6.800000000000000711e+00 5.037398948537777699e+01
6.900000000000000355e+00 5.179698067802603134e+01
7.000000000000000000e+00 5.323996491396047759e+01
7.100000000000000533e+00 5.470293705198322698e+01
7.200000000000000178e+00 5.618588843276320688e+01
7.300000000000000711e+00 5.768880468173474441e+01
7.400000000000000355e+00 5.921166228674271537e+01
7.500000000000000000e+00 6.075442336213685479e+01
7.600000000000000533e+00 6.231702778507867180e+01
7.700000000000000178e+00 6.389938160807854928e+01
7.800000000000000711e+00 6.550134031665706402e+01
7.900000000000000355e+00 6.712268512522990704e+01
8.000000000000000000e+00 6.876309011509096081e+01
8.099999999999999645e+00 7.042207766145953940e+01
8.200000000000001066e+00 7.209895933870981821e+01
8.300000000000000711e+00 7.379275942145378053e+01
8.400000000000000355e+00 7.550211831711641253e+01
8.500000000000000000e+00 7.722517388091539203e+01
8.599999999999999645e+00 7.895941967228330327e+01
8.700000000000001066e+00 8.070154087296894829e+01
8.800000000000000711e+00 8.244723080011442562e+01
8.900000000000000355e+00 8.419099362510532103e+01
9.000000000000000000e+00 8.592594186003587708e+01
9.099999999999999645e+00 8.764360010088685726e+01
9.200000000000001066e+00 8.933372903338756998e+01
9.300000000000000711e+00 9.098418537847837229e+01
9.400000000000000355e+00 9.258083385656701125e+01
9.500000000000000000e+00 9.410752604929483311e+01
9.600000000000001421e+00 9.554615806603953843e+01
9.700000000000001066e+00 9.687681423968869865e+01
9.800000000000000711e+00 9.807799800116288225e+01
9.900000000000000355e+00 9.912694417998172014e+01
1.000000000000000000e+01 1.000000000000000000e+02
