t = 7.800000
x    u(x,t)
0.000000000000000000e+00 0.000000000000000000e+00
1.000000000000000056e-01 1.224657697631519770e+00
2.000000000000000111e-01 2.449865820801853555e+00
3.000000000000000444e-01 3.676173747395187430e+00
4.000000000000000222e-01 4.904128759739948329e+00
5.000000000000000000e-01 6.134274996187756734e+00
6.000000000000000888e-01 7.367152401845583398e+00
7.000000000000000666e-01 8.603295678054768914e+00
8.000000000000000444e-01 9.843233230106164910e+00
9.000000000000000222e-01 1.108748611255233385e+01
1.000000000000000000e+00 1.233656697132732560e+01
1.100000000000000089e+00 1.359097898171369145e+01
1.200000000000000178e+00 1.485121478100704984e+01
1.300000000000000044e+00 1.611775539452354522e+01
1.400000000000000133e+00 1.739106915337677250e+01
1.500000000000000000e+00 1.867161060222196767e+01
1.600000000000000089e+00 1.995981939492864043e+01
1.700000000000000178e+00 2.125611917590207511e+01
1.800000000000000044e+00 2.256091644453293554e+01
1.900000000000000133e+00 2.387459940001520664e+01
2.000000000000000000e+00 2.519753676354066130e+01
2.100000000000000089e+00 2.653007657465621350e+01
2.200000000000000178e+00 2.787254495836239698e+01
2.300000000000000266e+00 2.922524485934185279e+01
2.400000000000000355e+00 3.058845473953855176e+01
2.500000000000000000e+00 3.196242723516657946e+01
2.600000000000000089e+00 3.334738776911519409e+01
2.700000000000000178e+00 3.474353311463755034e+01
2.800000000000000266e+00 3.615102990616928480e+01
2.900000000000000355e+00 3.757001309312118309e+01
3.000000000000000000e+00 3.900058433253306589e+01
3.100000000000000089e+00 4.044281031656498726e+01
3.200000000000000178e+00 4.189672103094107314e+01
3.300000000000000266e+00 4.336230794065211569e+01
3.400000000000000355e+00 4.483952209946794909e+01
3.500000000000000000e+00 4.632827218011186687e+01
3.600000000000000089e+00 4.782842242230741903e+01
3.700000000000000178e+00 4.933979049632417002e+01
3.800000000000000266e+00 5.086214528012403946e+01
3.900000000000000355e+00 5.239520454874238453e+01
4.000000000000000000e+00 5.393863257512886378e+01
4.100000000000000533e+00 5.549203764232011338e+01
4.200000000000000178e+00 5.705496946751826215e+01
4.299999999999999822e+00 5.862691653940196090e+01
4.400000000000000355e+00 6.020730337080011907e+01
4.500000000000000000e+00 6.179548766970614793e+01
4.600000000000000533e+00 6.339075743249932060e+01
4.700000000000000178e+00 6.499232796416458768e+01
4.800000000000000711e+00 6.659933883125781051e+01
4.900000000000000355e+00 6.821085075434228884e+01
5.000000000000000000e+00 6.982584244761976322e+01
5.100000000000000533e+00 7.144320741448535728e+01
5.200000000000000178e+00 7.306175070874580513e+01
5.300000000000000711e+00 7.468018567224264359e+01
5.400000000000000355e+00 7.629713066061093230e+01
5.500000000000000000e+00 7.791110576986787351e+01
5.600000000000000533e+00 7.952052957745746653e+01
5.700000000000000178e+00 8.112371591226546741e+01
5.800000000000000711e+00 8.271887066895517648e+01
5.900000000000000355e+00 8.430408868274803069e+01
6.000000000000000000e+00 8.587735068147584627e+01
6.100000000000000533e+00 8.743652033235140664e+01
6.200000000000000178e+00 8.897934140143563297e+01
6.300000000000000711e+00 9.050343504420963825e+01
6.400000000000000355e+00 9.200629724598367432e+01
6.500000000000000000e+00 9.348529643108334142e+01
6.600000000000000533e+00 9.493767125983755761e+01
6.700000000000000178e+00 9.636052863235077837e+01
6.800000000000000711e+00 9.775084191786270083e+01
6.900000000000000355e+00 9.910544942818287950e+01
7.000000000000000000e+00 1.004210531532288968e+02
7.100000000000000533e+00 1.016942177760940353e+02
7.200000000000000178e+00 1.029213699843222116e+02
7.300000000000000711e+00 1.040987980931754180e+02
7.400000000000000355e+00 1.052226519956425079e+02
7.500000000000000000e+00 1.062889434527623251e+02
7.600000000000000533e+00 1.072935467365218614e+02
7.700000000000000178e+00 1.082321996361489482e+02
7.800000000000000711e+00 1.091005048370532933e+02
7.900000000000000355e+00 1.098939316799917378e+02
8.000000000000000000e+00 1.106078183062500671e+02
8.099999999999999645e+00 1.112373741927558513e+02
8.200000000000001066e+00 1.117776830790813420e+02
8.300000000000000711e+00 1.122237062862676567e+02
8.400000000000000355e+00 1.125702864253235163e+02
8.500000000000000000e+00 1.128121514911339034e+02
8.599999999999999645e+00 1.129439193353743889e+02
8.700000000000001066e+00 1.129601025098800733e+02
8.800000000000000711e+00 1.128551134697831912e+02
8.900000000000000355e+00 1.126232701236248914e+02
9.000000000000000000e+00 1.122588017155842692e+02
9.099999999999999645e+00 1.117558550229655197e+02
9.200000000000001066e+00 1.111085008501629545e+02
9.300000000000000711e+00 1.103107407984939385e+02
9.400000000000000355e+00 1.093565142895737807e+02
9.500000000000000000e+00 1.082397058183136807e+02
9.600000000000001421e+00 1.069541524101704368e+02
9.700000000000001066e+00 1.054936512559756636e+02
9.800000000000000711e+00 1.038519674965340442e+02
9.900000000000000355e+00 1.020228421282176470e+02
1.000000000000000000e+01 1.000000000000000000e+02
