t = 4.540000
x    u(x,t)
0.000000000000000000e+00 0.000000000000000000e+00
1.000000000000000056e-01 7.940719173939211339e-01
2.000000000000000111e-01 1.588892472696271430e+00
3.000000000000000444e-01 2.385208640069488073e+00
4.000000000000000222e-01 3.183764076623219808e+00
5.000000000000000000e-01 3.985297489852641206e+00
6.000000000000000888e-01 4.790541035862932340e+00
7.000000000000000666e-01 5.600218758027851962e+00
8.000000000000000444e-01 6.415045075213845038e+00
9.000000000000000222e-01 7.235723328067647842e+00
1.000000000000000000e+00 8.062944391122647048e+00
1.100000000000000089e+00 8.897385357636178327e+00
1.200000000000000178e+00 9.739708303136357159e+00
1.300000000000000044e+00 1.059055913264380244e+01
1.400000000000000133e+00 1.145056651545179349e+01
1.500000000000000000e+00 1.232034091020990552e+01
1.600000000000000089e+00 1.320047368187267978e+01
1.700000000000000178e+00 1.409153631085815306e+01
1.800000000000000044e+00 1.499407969352295922e+01
1.900000000000000133e+00 1.590863353181189588e+01
2.000000000000000000e+00 1.683570580869113797e+01
2.100000000000000089e+00 1.777578234473578433e+01
2.200000000000000178e+00 1.872932643002233633e+01
2.300000000000000266e+00 1.969677852428441156e+01
2.400000000000000355e+00 2.067855601713135272e+01
2.500000000000000000e+00 2.167505303901213765e+01
2.600000000000000089e+00 2.268664031253552338e+01
2.700000000000000178e+00 2.371366503273679172e+01
2.800000000000000266e+00 2.475645076391641908e+01
2.900000000000000355e+00 2.581529733976818974e+01
3.000000000000000000e+00 2.689048075266935811e+01
3.100000000000000089e+00 2.798225301722352754e+01
3.200000000000000178e+00 2.909084199243358171e+01
3.300000000000000266e+00 3.021645114623785133e+01
3.400000000000000355e+00 3.135925924557306743e+01
3.500000000000000000e+00 3.251941995463567991e+01
3.600000000000000089e+00 3.369706132360426665e+01
3.700000000000000178e+00 3.489228514976510809e+01
3.800000000000000266e+00 3.610516619275912831e+01
3.900000000000000355e+00 3.733575122554671566e+01
4.000000000000000000e+00 3.858405790268064806e+01
4.100000000000000533e+00 3.985007342759371340e+01
4.200000000000000178e+00 4.113375300086106989e+01
4.299999999999999822e+00 4.243501803179966458e+01
4.400000000000000355e+00 4.375375409633300450e+01
4.500000000000000000e+00 4.508980862479431551e+01
4.600000000000000533e+00 4.644298830427915448e+01
4.700000000000000178e+00 4.781305618130614477e+01
4.800000000000000711e+00 4.919972845191696109e+01
4.900000000000000355e+00 5.060267092795771759e+01
5.000000000000000000e+00 5.202149517014782276e+01
5.100000000000000533e+00 5.345575428066899804e+01
5.200000000000000178e+00 5.490493835040771131e+01
5.300000000000000711e+00 5.636846955866217002e+01
5.400000000000000355e+00 5.784569692608447866e+01
5.500000000000000000e+00 5.933589072486724092e+01
5.600000000000000533e+00 6.083823655369427286e+01
5.700000000000000178e+00 6.235182908874703145e+01
5.800000000000000711e+00 6.387566552607198389e+01
5.900000000000000355e+00 6.540863873484754265e+01
6.000000000000000000e+00 6.694953014551114734e+01
6.100000000000000533e+00 6.849700240128125017e+01
6.200000000000000178e+00 7.004959180629120397e+01
6.300000000000000711e+00 7.160570060829434169e+01
6.400000000000000355e+00 7.316358915864354628e+01
6.500000000000000000e+00 7.472136799693454634e+01
6.600000000000000533e+00 7.627698991226202452e+01
6.700000000000000178e+00 7.782824203740078417e+01
6.800000000000000711e+00 7.937273803631526903e+01
6.900000000000000355e+00 8.090791044914368513e+01
7.000000000000000000e+00 8.243100326211833817e+01
7.100000000000000533e+00 8.393906477269503341e+01
7.200000000000000178e+00 8.542894082239600095e+01
7.300000000000000711e+00 8.689726847144603994e+01
7.400000000000000355e+00 8.834047019014003865e+01
7.500000000000000000e+00 8.975474864195174973e+01
7.600000000000000533e+00 9.113608213263330526e+01
7.700000000000000178e+00 9.248022079791422811e+01
7.800000000000000711e+00 9.378268359985656843e+01
7.900000000000000355e+00 9.503875619844141909e+01
8.000000000000000000e+00 9.624348976054155003e+01
8.099999999999999645e+00 9.739170076308695911e+01
8.200000000000001066e+00 9.847797184097633760e+01
8.300000000000000711e+00 9.949665372316586343e+01
8.400000000000000355e+00 1.004418682924348474e+02
8.500000000000000000e+00 1.013075127956513057e+02
8.599999999999999645e+00 1.020872652220283072e+02
8.700000000000001066e+00 1.027745908569695104e+02
8.800000000000000711e+00 1.033627500087627311e+02
8.900000000000000355e+00 1.038448068947158305e+02
9.000000000000000000e+00 1.042136396624708823e+02
9.099999999999999645e+00 1.044619515113230364e+02
9.200000000000001066e+00 1.045822828675493668e+02
9.300000000000000711e+00 1.045670245571728145e+02
9.400000000000000355e+00 1.044084319093912683e+02
9.500000000000000000e+00 1.040986397142362847e+02
9.600000000000001421e+00 1.036296779490342033e+02
9.700000000000001066e+00 1.029934881800508322e+02
9.800000000000000711e+00 1.021819405384342190e+02
9.900000000000000355e+00 1.011868511633376357e+02
1.000000000000000000e+01 1.000000000000000000e+02
