t = 4.460000
x    u(x,t)
0.000000000000000000e+00 0.000000000000000000e+00
1.000000000000000056e-01 7.830645106419819035e-01
2.000000000000000111e-01 1.566884395483350900e+00
3.000000000000000444e-01 2.352213322182764355e+00
4.000000000000000222e-01 3.139801556302954211e+00
5.000000000000000000e-01 3.930394287586306046e+00
6.000000000000000888e-01 4.724729988627730748e+00
7.000000000000000666e-01 5.523538816097755877e+00
8.000000000000000444e-01 6.327541064125730585e+00
9.000000000000000222e-01 7.137445678787418757e+00
1.000000000000000000e+00 7.953948841861491204e+00
1.100000000000000089e+00 8.777732631135224395e+00
1.200000000000000178e+00 9.609463763561560512e+00
1.300000000000000044e+00 1.044979242650973461e+01
1.400000000000000133e+00 1.129935120122122783e+01
1.500000000000000000e+00 1.215875408139549840e+01
1.600000000000000089e+00 1.302859558859763389e+01
1.700000000000000178e+00 1.390944998491570495e+01
1.800000000000000044e+00 1.480187058201177486e+01
1.900000000000000133e+00 1.570638914441837919e+01
2.000000000000000000e+00 1.662351538364351455e+01
2.100000000000000089e+00 1.755373653837191128e+01
2.200000000000000178e+00 1.849751703479740783e+01
2.300000000000000266e+00 1.945529821989993735e+01
2.400000000000000355e+00 2.042749815929704482e+01
2.500000000000000000e+00 2.141451149016099720e+01
2.600000000000000089e+00 2.241670931860333127e+01
2.700000000000000178e+00 2.343443914989313015e+01
2.800000000000000266e+00 2.446802483889747748e+01
2.900000000000000355e+00 2.551776654721415483e+01
3.000000000000000000e+00 2.658394069261141013e+01
3.100000000000000089e+00 2.766679987559822607e+01
3.200000000000000178e+00 2.876657276722396972e+01
3.300000000000000266e+00 2.988346394155033181e+01
3.400000000000000355e+00 3.101765363565352018e+01
3.500000000000000000e+00 3.216929741950470856e+01
3.600000000000000089e+00 3.333852575764518633e+01
3.700000000000000178e+00 3.452544344422540235e+01
3.800000000000000266e+00 3.573012889272023074e+01
3.900000000000000355e+00 3.695263326147423300e+01
4.000000000000000000e+00 3.819297939618024884e+01
4.100000000000000533e+00 3.945116057046259073e+01
4.200000000000000178e+00 4.072713900593575431e+01
4.299999999999999822e+00 4.202084415345322554e+01
4.400000000000000355e+00 4.333217071776526552e+01
4.500000000000000000e+00 4.466097640848483508e+01
4.600000000000000533e+00 4.600707940113369432e+01
4.700000000000000178e+00 4.737025549312359374e+01
4.800000000000000711e+00 4.875023494083820452e+01
4.900000000000000355e+00 5.014669896553508011e+01
5.000000000000000000e+00 5.155927591760078599e+01
5.100000000000000533e+00 5.298753709077846707e+01
5.200000000000000178e+00 5.443099218035883524e+01
5.300000000000000711e+00 5.588908438198941298e+01
5.400000000000000355e+00 5.736118513071958347e+01
5.500000000000000000e+00 5.884658848315946500e+01
5.600000000000000533e+00 6.034450514918579955e+01
5.700000000000000178e+00 6.185405618346707257e+01
5.800000000000000711e+00 6.337426635118696083e+01
5.900000000000000355e+00 6.490405718669818214e+01
6.000000000000000000e+00 6.644223976840700630e+01
6.100000000000000533e+00 6.798750723793726536e+01
6.200000000000000178e+00 6.953842709650672305e+01
6.300000000000000711e+00 7.109343331641700559e+01
6.400000000000000355e+00 7.265081831055519501e+01
6.500000000000000000e+00 7.420872480776399982e+01
6.600000000000000533e+00 7.576513768678961469e+01
6.700000000000000178e+00 7.731787582618737531e+01
6.800000000000000711e+00 7.886458403197316613e+01
6.900000000000000355e+00 8.040272510887568558e+01
7.000000000000000000e+00 8.192957214468204086e+01
7.100000000000000533e+00 8.344220108029732330e+01
7.200000000000000178e+00 8.493748364067310774e+01
7.300000000000000711e+00 8.641208070362048943e+01
7.400000000000000355e+00 8.786243618463694816e+01
7.500000000000000000e+00 8.928477151617506991e+01
7.600000000000000533e+00 9.067508079920372666e+01
7.700000000000000178e+00 9.202912670341213186e+01
7.800000000000000711e+00 9.334243718994279959e+01
7.900000000000000355e+00 9.461030312709027612e+01
8.000000000000000000e+00 9.582777686495509784e+01
8.099999999999999645e+00 9.698967182960370792e+01
8.200000000000001066e+00 9.809056319087673614e+01
8.300000000000000711e+00 9.912478965064772751e+01
8.400000000000000355e+00 1.000864563901174620e+02
8.500000000000000000e+00 1.009694392057081984e+02
8.599999999999999645e+00 1.017673898533857511e+02
8.700000000000001066e+00 1.024737426108867169e+02
8.800000000000000711e+00 1.030817220564852192e+02
8.900000000000000355e+00 1.035843520517230445e+02
9.000000000000000000e+00 1.039744659040946857e+02
9.099999999999999645e+00 1.042447176741694363e+02
9.200000000000001066e+00 1.043875945802041372e+02
9.300000000000000711e+00 1.043954304421081076e+02
9.400000000000000355e+00 1.042604200958262481e+02
9.500000000000000000e+00 1.039746346989622197e+02
9.600000000000001421e+00 1.035300378389230360e+02
9.700000000000001066e+00 1.029185023461698307e+02
9.800000000000000711e+00 1.021318277074398821e+02
9.900000000000000355e+00 1.011617579671794971e+02
1.000000000000000000e+01 1.000000000000000000e+02
