t = 6.740000
x    u(x,t)
0.000000000000000000e+00 0.000000000000000000e+00
1.000000000000000056e-01 1.088014600832233558e+00
2.000000000000000111e-01 2.176635577020514134e+00
3.000000000000000444e-01 3.266468223307170682e+00
4.000000000000000222e-01 4.358115674875174150e+00
5.000000000000000000e-01 5.452177831692258891e+00
6.000000000000000888e-01 6.549250287674153626e+00
7.000000000000000666e-01 7.649923266058777926e+00
8.000000000000000444e-01 8.754780562202014949e+00
9.000000000000000222e-01 9.864398494782147253e+00
1.000000000000000000e+00 1.097934486613652183e+01
1.100000000000000089e+00 1.210017793215291348e+01
1.200000000000000178e+00 1.322744538180204721e+01
1.300000000000000044e+00 1.436168332603043396e+01
1.400000000000000133e+00 1.550341529533702101e+01
1.500000000000000000e+00 1.665315124493767485e+01
1.600000000000000089e+00 1.781138656598193037e+01
1.700000000000000178e+00 1.897860110083111707e+01
1.800000000000000044e+00 2.015525815994135783e+01
1.900000000000000133e+00 2.134180353742253544e+01
2.000000000000000000e+00 2.253866452187199698e+01
2.100000000000000089e+00 2.374624889861344457e+01
2.200000000000000178e+00 2.496494393901291886e+01
2.300000000000000266e+00 2.619511537210133412e+01
2.400000000000000355e+00 2.743710633331097526e+01
2.500000000000000000e+00 2.869123628473858290e+01
2.600000000000000089e+00 2.995779990098544587e+01
2.700000000000000178e+00 3.123706591430047652e+01
2.800000000000000266e+00 3.252927591247250660e+01
2.900000000000000355e+00 3.383464308268660403e+01
3.000000000000000000e+00 3.515335089438406868e+01
3.100000000000000089e+00 3.648555171404942143e+01
3.200000000000000178e+00 3.783136534479778135e+01
3.300000000000000266e+00 3.919087748365536328e+01
3.400000000000000355e+00 4.056413808952001432e+01
3.500000000000000000e+00 4.195115965496131594e+01
3.600000000000000089e+00 4.335191537527538941e+01
3.700000000000000178e+00 4.476633720854988496e+01
3.800000000000000266e+00 4.619431382092435001e+01
3.900000000000000355e+00 4.763568841175040802e+01
4.000000000000000000e+00 4.909025641396814166e+01
4.100000000000000533e+00 5.055776306571945611e+01
4.200000000000000178e+00 5.203790085001691779e+01
4.299999999999999822e+00 5.353030680017552356e+01
4.400000000000000355e+00 5.503455966969458757e+01
4.500000000000000000e+00 5.655017696634505597e+01
4.600000000000000533e+00 5.807661185136883830e+01
4.700000000000000178e+00 5.961324990592796524e+01
4.800000000000000711e+00 6.115940576824750963e+01
4.900000000000000355e+00 6.271431964626817290e+01
5.000000000000000000e+00 6.427715371205722761e+01
5.100000000000000533e+00 6.584698838570905366e+01
5.200000000000000178e+00 6.742281851799020842e+01
5.300000000000000711e+00 6.900354948253763610e+01
5.400000000000000355e+00 7.058799318998906358e+01
5.500000000000000000e+00 7.217486403800091921e+01
5.600000000000000533e+00 7.376277481267528913e+01
5.700000000000000178e+00 7.535023255846094514e+01
5.800000000000000711e+00 7.693563443509674471e+01
5.900000000000000355e+00 7.851726358161425878e+01
6.000000000000000000e+00 8.009328500879460933e+01
6.100000000000000533e+00 8.166174154276289698e+01
6.200000000000000178e+00 8.322054984358922525e+01
6.300000000000000711e+00 8.476749652382791567e+01
6.400000000000000355e+00 8.630023439285228903e+01
6.500000000000000000e+00 8.781627885361460528e+01
6.600000000000000533e+00 8.931300447906328088e+01
6.700000000000000178e+00 9.078764179587072647e+01
6.800000000000000711e+00 9.223727430334771782e+01
6.900000000000000355e+00 9.365883575543639950e+01
7.000000000000000000e+00 9.504910773347174313e+01
7.100000000000000533e+00 9.640471753697103452e+01
7.200000000000000178e+00 9.772213641904856729e+01
7.300000000000000711e+00 9.899767819215104225e+01
7.400000000000000355e+00 1.002274982286683809e+02
7.500000000000000000e+00 1.014075928795936221e+02
7.600000000000000533e+00 1.025337993327862449e+02
7.700000000000000178e+00 1.036017959305440712e+02
7.800000000000000711e+00 1.046071029641127268e+02
7.900000000000000355e+00 1.055450839604752815e+02
8.000000000000000000e+00 1.064109474742739110e+02
8.099999999999999645e+00 1.071997493950442930e+02
8.200000000000001066e+00 1.079063957771020199e+02
8.300000000000000711e+00 1.085256461964356305e+02
8.400000000000000355e+00 1.090521176358511468e+02
8.500000000000000000e+00 1.094802888964053267e+02
8.599999999999999645e+00 1.098045055298851480e+02
8.700000000000001066e+00 1.100189852837666393e+02
8.800000000000000711e+00 1.101178240467458522e+02
8.900000000000000355e+00 1.100950022796101848e+02
9.000000000000000000e+00 1.099443919129368652e+02
9.099999999999999645e+00 1.096597636899011121e+02
9.200000000000001066e+00 1.092347949293770171e+02
9.300000000000000711e+00 1.086630776815500781e+02
9.400000000000000355e+00 1.079381272454623115e+02
9.500000000000000000e+00 1.070533910153022674e+02
9.600000000000001421e+00 1.060022576198653610e+02
9.700000000000001066e+00 1.047780663174615512e+02
9.800000000000000711e+00 1.033741166066663055e+02
9.900000000000000355e+00 1.017836780117097106e+02
1.000000000000000000e+01 1.000000000000000000e+02
