t = 1.760000
x    u(x,t)
0.000000000000000000e+00 0.000000000000000000e+00
1.000000000000000056e-01 3.878032910759574015e-01
2.000000000000000111e-01 7.768094298723050573e-01
3.000000000000000444e-01 1.168214420280239807e+00
4.000000000000000222e-01 1.563200695567275922e+00
5.000000000000000000e-01 1.962930622310369078e+00
6.000000000000000888e-01 2.368540342199803028e+00
7.000000000000000666e-01 2.781134049360042049e+00
8.000000000000000444e-01 3.201778788763927519e+00
9.000000000000000222e-01 3.631499847142767745e+00
1.000000000000000000e+00 4.071276792057095584e+00
1.100000000000000089e+00 4.522040198075691464e+00
1.200000000000000178e+00 4.984669081915351185e+00
1.300000000000000044e+00 5.459989051511364266e+00
1.400000000000000133e+00 5.948771157872134729e+00
1.500000000000000000e+00 6.451731423715027169e+00
1.600000000000000089e+00 6.969531009699623247e+00
1.700000000000000178e+00 7.502776967893032278e+00
1.800000000000000044e+00 8.052023523143500228e+00
1.900000000000000133e+00 8.617773816424319833e+00
2.000000000000000000e+00 9.200482039961592307e+00
2.100000000000000089e+00 9.800555892005844427e+00
2.200000000000000178e+00 1.041835927929636618e+01
2.300000000000000266e+00 1.105421519738035308e+01
2.400000000000000355e+00 1.170840872271621080e+01
2.500000000000000000e+00 1.238119005560899311e+01
2.600000000000000089e+00 1.307277755917538542e+01
2.700000000000000178e+00 1.378336074639408970e+01
2.800000000000000266e+00 1.451310317455599730e+01
2.900000000000000355e+00 1.526214521380107669e+01
3.000000000000000000e+00 1.603060666366364018e+01
3.100000000000000089e+00 1.681858919842984434e+01
3.200000000000000178e+00 1.762617862846921923e+01
3.300000000000000266e+00 1.845344697040648896e+01
3.400000000000000355e+00 1.930045432396187977e+01
3.500000000000000000e+00 2.016725055745753181e+01
3.600000000000000089e+00 2.105387680734618527e+01
3.700000000000000178e+00 2.196036679967476246e+01
3.800000000000000266e+00 2.288674800317995661e+01
3.900000000000000355e+00 2.383304262476819346e+01
4.000000000000000000e+00 2.479926845851083783e+01
4.100000000000000533e+00 2.578543959903960925e+01
4.200000000000000178e+00 2.679156702940737844e+01
4.299999999999999822e+00 2.781765909212762722e+01
4.400000000000000355e+00 2.886372185025317094e+01
4.500000000000000000e+00 2.992975934301869856e+01
4.600000000000000533e+00 3.101577373775416291e+01
4.700000000000000178e+00 3.212176537646422503e+01
4.800000000000000711e+00 3.324773271163473254e+01
4.900000000000000355e+00 3.439367212142998653e+01
5.000000000000000000e+00 3.555957758943357305e+01
5.100000000000000533e+00 3.674544022840483848e+01
5.200000000000000178e+00 3.795124762111723982e+01
5.300000000000000711e+00 3.917698294416422300e+01
5.400000000000000355e+00 4.042262383262946912e+01
5.500000000000000000e+00 4.168814093471340954e+01
5.600000000000000533e+00 4.297349609581108609e+01
5.700000000000000178e+00 4.427864010122342364e+01
5.800000000000000711e+00 4.560350989578447667e+01
5.900000000000000355e+00 4.694802518740448249e+01
6.000000000000000000e+00 4.831208433014707282e+01
6.100000000000000533e+00 4.969555937135329771e+01
6.200000000000000178e+00 5.109829013696946731e+01
6.300000000000000711e+00 5.252007722020309188e+01
6.400000000000000355e+00 5.396067373159711167e+01
6.500000000000000000e+00 5.541977566433934754e+01
6.600000000000000533e+00 5.689701072795146075e+01
6.700000000000000178e+00 5.839192550732142450e+01
6.800000000000000711e+00 5.990397081326198503e+01
6.900000000000000355e+00 6.143248510628197323e+01
7.000000000000000000e+00 6.297667589785895359e+01
7.100000000000000533e+00 6.453559906387964418e+01
7.200000000000000178e+00 6.610813604355780626e+01
7.300000000000000711e+00 6.769296894427201039e+01
7.400000000000000355e+00 6.928855362829385456e+01
7.500000000000000000e+00 7.089309092082079644e+01
7.600000000000000533e+00 7.250449614917584995e+01
7.700000000000000178e+00 7.412036729911369548e+01
7.800000000000000711e+00 7.573795215402066106e+01
7.900000000000000355e+00 7.735411486409078918e+01
8.000000000000000000e+00 7.896530247253984669e+01
8.099999999999999645e+00 8.056751200146105418e+01
8.200000000000001066e+00 8.215625876763904500e+01
8.300000000000000711e+00 8.372654665499135263e+01
8.400000000000000355e+00 8.527284111178209969e+01
8.500000000000000000e+00 8.678904566401892851e+01
8.599999999999999645e+00 8.826848273854038496e+01
8.700000000000001066e+00 8.970387956782178662e+01
8.800000000000000711e+00 9.108735990180132092e+01
8.900000000000000355e+00 9.241044217927884574e+01
9.000000000000000000e+00 9.366404471289867217e+01
9.099999999999999645e+00 9.483849831873376957e+01
9.200000000000001066e+00 9.592356667650128088e+01
9.300000000000000711e+00 9.690847454301898267e+01
9.400000000000000355e+00 9.778194376423249423e+01
9.500000000000000000e+00 9.853223684543441152e+01
9.600000000000001421e+00 9.914720765125186119e+01
9.700000000000001066e+00 9.961435862308931632e+01
9.800000000000000711e+00 9.992090372859888703e+01
9.900000000000000355e+00 1.000538362018370293e+02
1.000000000000000000e+01 1.000000000000000000e+02
