t = 0.660000
x    u(x,t)
0.000000000000000000e+00 0.000000000000000000e+00
1.000000000000000056e-01 1.958061338311135047e-01
2.000000000000000111e-01 3.935764244601158701e-01
3.000000000000000444e-01 5.952451635491800008e-01
4.000000000000000222e-01 8.026882813063808131e-01
5.000000000000000000e-01 1.017697482748731286e+00
6.000000000000000888e-01 1.241958081543816705e+00
7.000000000000000666e-01 1.477031325044990906e+00
8.000000000000000444e-01 1.724341688103571579e+00
9.000000000000000222e-01 1.985169283678936081e+00
1.000000000000000000e+00 2.260647225509988090e+00
1.100000000000000089e+00 2.551763508165424188e+00
1.200000000000000178e+00 2.859366761670987245e+00
1.300000000000000044e+00 3.184175102177776218e+00
1.400000000000000133e+00 3.526787238700891614e+00
1.500000000000000000e+00 3.887695003052812126e+00
1.600000000000000089e+00 4.267296534077145154e+00
1.700000000000000178e+00 4.665909452910945276e+00
1.800000000000000044e+00 5.083783496758210063e+00
1.900000000000000133e+00 5.521112218833061469e+00
2.000000000000000000e+00 5.978043498374546516e+00
2.100000000000000089e+00 6.454688726888695882e+00
2.200000000000000178e+00 6.951130638608579382e+00
2.300000000000000266e+00 7.467429831596836820e+00
2.400000000000000355e+00 8.003630080862389917e+00
2.500000000000000000e+00 8.559762578388683707e+00
2.600000000000000089e+00 9.135849250491347107e+00
2.700000000000000178e+00 9.731905304475487739e+00
2.800000000000000266e+00 1.034794114821488087e+01
2.900000000000000355e+00 1.098396381170874925e+01
3.000000000000000000e+00 1.163997798194025712e+01
3.100000000000000089e+00 1.231598674379191749e+01
3.200000000000000178e+00 1.301199210198517697e+01
3.300000000000000266e+00 1.372799534300110835e+01
3.400000000000000355e+00 1.446399728220288416e+01
3.500000000000000000e+00 1.521999843005084685e+01
3.600000000000000089e+00 1.599599910226453936e+01
3.700000000000000178e+00 1.679199949178963180e+01
3.800000000000000266e+00 1.760799971515372064e+01
3.900000000000000355e+00 1.844399984191502639e+01
4.000000000000000000e+00 1.929999991311851559e+01
4.100000000000000533e+00 2.017599995270985147e+01
4.200000000000000178e+00 2.107199997450266338e+01
4.299999999999999822e+00 2.198799998637726461e+01
4.400000000000000355e+00 2.292399999277883893e+01
4.500000000000000000e+00 2.387999999618504177e+01
4.600000000000000533e+00 2.485599999795623205e+01
4.700000000000000178e+00 2.585199999881927724e+01
4.800000000000000711e+00 2.686799999913396064e+01
4.900000000000000355e+00 2.790399999902670203e+01
5.000000000000000000e+00 2.895999999843457573e+01
5.100000000000000533e+00 3.003599999707217449e+01
5.200000000000000178e+00 3.113199999430562315e+01
5.300000000000000711e+00 3.224799998888386909e+01
5.400000000000000355e+00 3.338399997842510913e+01
5.500000000000000000e+00 3.453999995847076576e+01
5.600000000000000533e+00 3.571599992077437946e+01
5.700000000000000178e+00 3.691199985024759656e+01
5.800000000000000711e+00 3.812799971957490897e+01
5.900000000000000355e+00 3.936399947982926761e+01
6.000000000000000000e+00 4.061999904431309005e+01
6.100000000000000533e+00 4.189599826106937286e+01
6.200000000000000178e+00 4.319199686669250582e+01
6.300000000000000711e+00 4.450799440968643950e+01
6.400000000000000355e+00 4.584399012490997904e+01
6.500000000000000000e+00 4.719998273055927029e+01
6.600000000000000533e+00 4.857597010423157258e+01
6.700000000000000178e+00 4.997194877301196669e+01
6.800000000000000711e+00 5.138791312183673199e+01
6.900000000000000355e+00 5.282385418171096347e+01
7.000000000000000000e+00 5.427975780134283923e+01
7.100000000000000533e+00 5.575560192879625276e+01
7.200000000000000178e+00 5.725135263036367661e+01
7.300000000000000711e+00 5.876695834923030759e+01
7.400000000000000355e+00 6.030234175540475405e+01
7.500000000000000000e+00 6.185738836227554316e+01
7.600000000000000533e+00 6.343193088948628855e+01
7.700000000000000178e+00 6.502572814756511832e+01
7.800000000000000711e+00 6.663843702469421260e+01
7.900000000000000355e+00 6.826957599577544045e+01
8.000000000000000000e+00 6.991847848211975247e+01
8.099999999999999645e+00 7.158423440716340735e+01
8.200000000000001066e+00 7.326561846434006497e+01
8.300000000000000711e+00 7.496100398202010240e+01
8.400000000000000355e+00 7.666826187484826960e+01
8.500000000000000000e+00 7.838464503358058266e+01
8.599999999999999645e+00 8.010665962570944032e+01
8.700000000000001066e+00 8.182992612395521803e+01
8.800000000000000711e+00 8.354903437838054003e+01
8.900000000000000355e+00 8.525739858981930297e+01
9.000000000000000000e+00 8.694711948060948714e+01
9.099999999999999645e+00 8.860886212046791854e+01
9.200000000000001066e+00 9.023175856913893256e+01
9.300000000000000711e+00 9.180334457549450633e+01
9.400000000000000355e+00 9.330953889698159287e+01
9.500000000000000000e+00 9.473467231023569468e+01
9.600000000000001421e+00 9.606157109436990993e+01
9.700000000000001066e+00 9.727169679904075394e+01
9.800000000000000711e+00 9.834534066906108762e+01
9.900000000000000355e+00 9.926186747214214279e+01
1.000000000000000000e+01 1.000000000000000000e+02
