t = 3.650000
x    u(x,t)
0.000000000000000000e+00 0.000000000000000000e+00
1.000000000000000056e-01 6.699406854058725935e-01
2.000000000000000111e-01 1.340716609220264255e+00
3.000000000000000444e-01 2.013160718248608649e+00
4.000000000000000222e-01 2.688101394843379843e+00
5.000000000000000000e-01 3.366360221297130195e+00
6.000000000000000888e-01 4.048749799445978681e+00
7.000000000000000666e-01 4.736071642679755556e+00
8.000000000000000444e-01 5.429114156548541459e+00
9.000000000000000222e-01 6.128650722931702433e+00
1.000000000000000000e+00 6.835437901316585574e+00
1.100000000000000089e+00 7.550213759144379644e+00
1.200000000000000178e+00 8.273696341447553948e+00
1.300000000000000044e+00 9.006582288155779992e+00
1.400000000000000133e+00 9.749545605515132607e+00
1.500000000000000000e+00 1.050323659607918358e+01
1.600000000000000089e+00 1.126828094972010419e+01
1.700000000000000178e+00 1.204527899610164354e+01
1.800000000000000044e+00 1.283480511708137684e+01
1.900000000000000133e+00 1.363740731559081887e+01
2.000000000000000000e+00 1.445360693570115451e+01
2.100000000000000089e+00 1.528389852683775807e+01
2.200000000000000178e+00 1.612874984347283558e+01
2.300000000000000266e+00 1.698860197011400075e+01
2.400000000000000355e+00 1.786386956002378312e+01
2.500000000000000000e+00 1.875494117485472145e+01
2.600000000000000089e+00 1.966217971126559050e+01
2.700000000000000178e+00 2.058592289959273458e+01
2.800000000000000266e+00 2.152648385877867199e+01
2.900000000000000355e+00 2.248415169099774857e+01
3.000000000000000000e+00 2.345919209875375344e+01
3.100000000000000089e+00 2.445184800664199898e+01
3.200000000000000178e+00 2.546234016945382450e+01
3.300000000000000266e+00 2.649086774783845399e+01
3.400000000000000355e+00 2.753760883231062451e+01
3.500000000000000000e+00 2.860272089598771927e+01
3.600000000000000089e+00 2.968634115604466928e+01
3.700000000000000178e+00 3.078858682347789255e+01
3.800000000000000266e+00 3.190955522036463066e+01
3.900000000000000355e+00 3.304932374338578427e+01
4.000000000000000000e+00 3.420794965195160842e+01
4.100000000000000533e+00 3.538546965883317341e+01
4.200000000000000178e+00 3.658189930077040941e+01
4.299999999999999822e+00 3.779723206611408415e+01
4.400000000000000355e+00 3.903143825618531082e+01
4.500000000000000000e+00 4.028446355672909363e+01
4.600000000000000533e+00 4.155622729562865203e+01
4.700000000000000178e+00 4.284662036297203258e+01
4.800000000000000711e+00 4.415550276966285992e+01
4.900000000000000355e+00 4.548270082108755474e+01
5.000000000000000000e+00 4.682800388294167249e+01
5.100000000000000533e+00 4.819116071722582006e+01
5.200000000000000178e+00 4.957187536770159397e+01
5.300000000000000711e+00 5.096980257579847517e+01
5.400000000000000355e+00 5.238454271013409169e+01
5.500000000000000000e+00 5.381563619549889665e+01
5.600000000000000533e+00 5.526255743040201907e+01
5.700000000000000178e+00 5.672470818611294163e+01
5.800000000000000711e+00 5.820141048458824429e+01
5.900000000000000355e+00 5.969189895775921428e+01
6.000000000000000000e+00 6.119531269637753468e+01
6.100000000000000533e+00 6.271068660296113251e+01
6.200000000000000178e+00 6.423694227032441972e+01
6.300000000000000711e+00 6.577287841467294527e+01
6.400000000000000355e+00 6.731716090023198262e+01
6.500000000000000000e+00 6.886831240078349481e+01
6.600000000000000533e+00 7.042470175220729800e+01
6.700000000000000178e+00 7.198453305904787669e+01
6.800000000000000711e+00 7.354583462712308517e+01
6.900000000000000355e+00 7.510644780310828139e+01
7.000000000000000000e+00 7.666401581070519455e+01
7.100000000000000533e+00 7.821597268126653546e+01
7.200000000000000178e+00 7.975953238440952475e+01
7.300000000000000711e+00 8.129167827102659771e+01
7.400000000000000355e+00 8.280915294699885010e+01
7.500000000000000000e+00 8.430844870065051566e+01
7.600000000000000533e+00 8.578579861036905641e+01
7.700000000000000178e+00 8.723716846068843722e+01
7.800000000000000711e+00 8.865824959534160143e+01
7.900000000000000355e+00 9.004445283420088231e+01
8.000000000000000000e+00 9.139090357754163563e+01
8.099999999999999645e+00 9.269243821560984031e+01
8.200000000000001066e+00 9.394360195401142732e+01
8.300000000000000711e+00 9.513864815596916458e+01
8.400000000000000355e+00 9.627153929105145380e+01
8.500000000000000000e+00 9.733594956664491349e+01
8.599999999999999645e+00 9.832526930334525161e+01
8.700000000000001066e+00 9.923261109873982377e+01
8.800000000000000711e+00 1.000508178059535425e+02
8.900000000000000355e+00 1.007724723340727166e+02
9.000000000000000000e+00 1.013899092574176848e+02
9.099999999999999645e+00 1.018952281999128786e+02
9.200000000000001066e+00 1.022803089398250478e+02
9.300000000000000711e+00 1.025368281592517121e+02
9.400000000000000355e+00 1.026562777422927013e+02
9.500000000000000000e+00 1.026299845061836038e+02
9.600000000000001421e+00 1.024491312311587876e+02
9.700000000000001066e+00 1.021047788377767063e+02
9.800000000000000711e+00 1.015878895451942299e+02
9.900000000000000355e+00 1.008893508307045295e+02
1.000000000000000000e+01 1.000000000000000000e+02
