t = 4.880000
x    u(x,t)
0.000000000000000000e+00 0.000000000000000000e+00
1.000000000000000056e-01 8.405643262763421442e-01
2.000000000000000111e-01 1.681850423413504769e+00
3.000000000000000444e-01 2.524578557844735727e+00
4.000000000000000222e-01 3.369465995540387837e+00
5.000000000000000000e-01 4.217225522647962244e+00
6.000000000000000888e-01 5.068563990873530045e+00
7.000000000000000666e-01 5.924180895347952891e+00
8.000000000000000444e-01 6.784766992296571431e+00
9.000000000000000222e-01 7.651002963308899396e+00
1.000000000000000000e+00 8.523558132390734343e+00
1.100000000000000089e+00 9.403089241281596955e+00
1.200000000000000178e+00 1.029023928774254593e+01
1.300000000000000044e+00 1.118563643067127700e+01
1.400000000000000133e+00 1.208989296499121835e+01
1.500000000000000000e+00 1.300360436829790878e+01
1.600000000000000089e+00 1.392734842023835640e+01
1.700000000000000178e+00 1.486168439455630086e+01
1.800000000000000044e+00 1.580715232266771686e+01
1.900000000000000133e+00 1.676427232654511457e+01
2.000000000000000000e+00 1.773354401759546661e+01
2.100000000000000089e+00 1.871544595712317616e+01
2.200000000000000178e+00 1.971043517288421043e+01
2.300000000000000266e+00 2.071894672516890878e+01
2.400000000000000355e+00 2.174139331480539283e+01
2.500000000000000000e+00 2.277816492446037344e+01
2.600000000000000089e+00 2.382962848363606767e+01
2.700000000000000178e+00 2.489612754682621798e+01
2.800000000000000266e+00 2.597798197340801707e+01
2.900000000000000355e+00 2.707548759701375829e+01
3.000000000000000000e+00 2.818891587135394161e+01
3.100000000000000089e+00 2.931851347875552705e+01
3.200000000000000178e+00 3.046450188704279682e+01
3.300000000000000266e+00 3.162707683982725015e+01
3.400000000000000355e+00 3.280640776479504694e+01
3.500000000000000000e+00 3.400263708419064557e+01
3.600000000000000089e+00 3.521587941140140998e+01
3.700000000000000178e+00 3.644622061735639562e+01
3.800000000000000266e+00 3.769371675037205449e+01
3.900000000000000355e+00 3.895839279311586978e+01
4.000000000000000000e+00 4.024024124052583318e+01
4.100000000000000533e+00 4.153922048282821322e+01
4.200000000000000178e+00 4.285525297824872837e+01
4.299999999999999822e+00 4.418822320062231057e+01
4.400000000000000355e+00 4.553797534788560597e+01
4.500000000000000000e+00 4.690431079839432726e+01
4.600000000000000533e+00 4.828698530315341486e+01
4.700000000000000178e+00 4.968570590339218285e+01
4.800000000000000711e+00 5.110012756446688797e+01
4.900000000000000355e+00 5.252984951883631481e+01
5.000000000000000000e+00 5.397441131283767390e+01
5.100000000000000533e+00 5.543328855419269274e+01
5.200000000000000178e+00 5.690588835959907499e+01
5.300000000000000711e+00 5.839154450440658906e+01
5.400000000000000355e+00 5.988951227923585918e+01
5.500000000000000000e+00 6.139896306146152938e+01
5.600000000000000533e+00 6.291897861273608328e+01
5.700000000000000178e+00 6.444854511716066270e+01
5.800000000000000711e+00 6.598654697829049098e+01
5.900000000000000355e+00 6.753176039687060950e+01
6.000000000000000000e+00 6.908284675500024719e+01
6.100000000000000533e+00 7.063834583628604946e+01
6.200000000000000178e+00 7.219666891542657083e+01
6.300000000000000711e+00 7.375609175452505895e+01
6.400000000000000355e+00 7.531474754721190834e+01
6.500000000000000000e+00 7.687061985531521202e+01
6.600000000000000533e+00 7.842153558629735244e+01
6.700000000000000178e+00 7.996515806291776585e+01
6.800000000000000711e+00 8.149898023953258530e+01
6.900000000000000355e+00 8.302031812203836125e+01
7.000000000000000000e+00 8.452630445065567244e+01
7.100000000000000533e+00 8.601388270647029799e+01
7.200000000000000178e+00 8.747980150385257048e+01
7.300000000000000711e+00 8.892060943150877961e+01
7.400000000000000355e+00 9.033265040493778031e+01
7.500000000000000000e+00 9.171205959243276595e+01
7.600000000000000533e+00 9.305475997544871802e+01
7.700000000000000178e+00 9.435645960212913508e+01
7.800000000000000711e+00 9.561264959003402453e+01
7.900000000000000355e+00 9.681860293063122924e+01
8.000000000000000000e+00 9.796937414390866650e+01
8.099999999999999645e+00 9.905979982655409799e+01
8.200000000000001066e+00 1.000845001315568226e+02
8.300000000000000711e+00 1.010378812108512250e+02
8.400000000000000355e+00 1.019141386457964131e+02
8.500000000000000000e+00 1.027072618829266588e+02
8.599999999999999645e+00 1.034110396845889426e+02
8.700000000000001066e+00 1.040190665958823786e+02
8.800000000000000711e+00 1.045247504208213343e+02
8.900000000000000355e+00 1.049213206919557422e+02
9.000000000000000000e+00 1.052018381088974905e+02
9.099999999999999645e+00 1.053592049124325740e+02
9.200000000000001066e+00 1.053861761522495470e+02
9.300000000000000711e+00 1.052753717978991119e+02
9.400000000000000355e+00 1.050192896345265154e+02
9.500000000000000000e+00 1.046103188772955974e+02
9.600000000000001421e+00 1.040407544313523118e+02
9.700000000000001066e+00 1.033028117177562848e+02
9.800000000000000711e+00 1.023886419801265930e+02
9.900000000000000355e+00 1.012903479818844801e+02
1.000000000000000000e+01 1.000000000000000000e+02
