t = 3.280000
x    u(x,t)
0.000000000000000000e+00 0.000000000000000000e+00
1.000000000000000056e-01 6.170795868727507738e-01
2.000000000000000111e-01 1.235040282343647267e+00
3.000000000000000444e-01 1.854760506178269930e+00
4.000000000000000222e-01 2.477113325072745287e+00
5.000000000000000000e-01 3.102963837229484323e+00
6.000000000000000888e-01 3.733166629212990362e+00
7.000000000000000666e-01 4.368563327448623745e+00
8.000000000000000444e-01 5.009980265290566059e+00
9.000000000000000222e-01 5.658226284846146648e+00
1.000000000000000000e+00 6.314090690737634404e+00
1.100000000000000089e+00 6.978341370749894246e+00
1.200000000000000178e+00 7.651723095896887372e+00
1.300000000000000044e+00 8.334956009888550454e+00
1.400000000000000133e+00 9.028734315339850269e+00
1.500000000000000000e+00 9.733725161383766533e+00
1.600000000000000089e+00 1.045056773467634059e+01
1.700000000000000178e+00 1.117987255315881967e+01
1.800000000000000044e+00 1.192222095941084170e+01
1.900000000000000133e+00 1.267816480802522605e+01
2.000000000000000000e+00 1.344822633919163124e+01
2.100000000000000089e+00 1.423289822861787357e+01
2.200000000000000178e+00 1.503264380206379336e+01
2.300000000000000266e+00 1.584789740112603873e+01
2.400000000000000355e+00 1.667906488549887811e+01
2.500000000000000000e+00 1.752652425574626349e+01
2.600000000000000089e+00 1.839062637964697799e+01
2.700000000000000178e+00 1.927169580440555663e+01
2.800000000000000266e+00 2.017003163643946451e+01
2.900000000000000355e+00 2.108590847003497259e+01
3.000000000000000000e+00 2.201957734588572535e+01
3.100000000000000089e+00 2.297126672035889428e+01
3.200000000000000178e+00 2.394118342624538442e+01
3.300000000000000266e+00 2.492951360570986807e+01
3.400000000000000355e+00 2.593642359613289372e+01
3.500000000000000000e+00 2.696206074950104536e+01
3.600000000000000089e+00 2.800655416592346469e+01
3.700000000000000178e+00 2.907001532170939839e+01
3.800000000000000266e+00 3.015253857221093625e+01
3.900000000000000355e+00 3.125420150930089491e+01
4.000000000000000000e+00 3.237506515290874631e+01
4.100000000000000533e+00 3.351517395547212175e+01
4.200000000000000178e+00 3.467455559748175631e+01
4.299999999999999822e+00 3.585322055151324605e+01
4.400000000000000355e+00 3.705116139126894126e+01
4.500000000000000000e+00 3.826835182122384538e+01
4.600000000000000533e+00 3.950474540151519420e+01
4.700000000000000178e+00 4.076027394178014873e+01
4.800000000000000711e+00 4.203484553678121927e+01
4.900000000000000355e+00 4.332834221592230506e+01
5.000000000000000000e+00 4.464061717821793707e+01
5.100000000000000533e+00 4.597149158400359426e+01
5.200000000000000178e+00 4.732075087474565578e+01
5.300000000000000711e+00 4.868814059280460071e+01
5.400000000000000355e+00 5.007336167400724491e+01
5.500000000000000000e+00 5.147606518747618765e+01
5.600000000000000533e+00 5.289584649942657535e+01
5.700000000000000178e+00 5.433223884064791775e+01
5.800000000000000711e+00 5.578470626120915199e+01
5.900000000000000355e+00 5.725263596061597582e+01
6.000000000000000000e+00 5.873532998725732313e+01
6.100000000000000533e+00 6.023199630752691291e+01
6.200000000000000178e+00 6.174173925250985207e+01
6.300000000000000711e+00 6.326354935856709716e+01
6.400000000000000355e+00 6.479629262749710961e+01
6.500000000000000000e+00 6.633869924214074842e+01
6.600000000000000533e+00 6.788935178422931926e+01
6.700000000000000178e+00 6.944667301283841709e+01
6.800000000000000711e+00 7.100891327384867679e+01
6.900000000000000355e+00 7.257413762315138683e+01
7.000000000000000000e+00 7.414021275876427808e+01
7.100000000000000533e+00 7.570479386930745136e+01
7.200000000000000178e+00 7.726531151817793841e+01
7.300000000000000711e+00 7.881895869397871479e+01
7.400000000000000355e+00 8.036267816802059372e+01
7.500000000000000000e+00 8.189315030873031276e+01
7.600000000000000533e+00 8.340678151027204024e+01
7.700000000000000178e+00 8.489969339834043183e+01
7.800000000000000711e+00 8.636771297964000382e+01
7.900000000000000355e+00 8.780636390278519343e+01
8.000000000000000000e+00 8.921085899702474364e+01
8.099999999999999645e+00 9.057609425114017654e+01
8.200000000000001066e+00 9.189664438796708623e+01
8.300000000000000711e+00 9.316676018016940475e+01
8.400000000000000355e+00 9.438036764014904634e+01
8.500000000000000000e+00 9.553106920135111579e+01
8.599999999999999645e+00 9.661214698984954907e+01
8.700000000000001066e+00 9.761656826415567423e+01
8.800000000000000711e+00 9.853699307794089179e+01
8.900000000000000355e+00 9.936578419512292726e+01
9.000000000000000000e+00 1.000950192599124335e+02
9.099999999999999645e+00 1.007165051963856826e+02
9.200000000000001066e+00 1.012217947834156320e+02
9.300000000000000711e+00 1.016022053218681975e+02
9.400000000000000355e+00 1.018488392823866064e+02
9.500000000000000000e+00 1.019526067943878189e+02
9.600000000000001421e+00 1.019042498106216073e+02
9.700000000000001066e+00 1.016943677573190143e+02
9.800000000000000711e+00 1.013134444580758071e+02
9.900000000000000355e+00 1.007518761006301844e+02
1.000000000000000000e+01 1.000000000000000000e+02
