t = 5.360000
x    u(x,t)
0.000000000000000000e+00 0.000000000000000000e+00
1.000000000000000056e-01 9.054687929263534052e-01
2.000000000000000111e-01 1.811625443302457894e+00
3.000000000000000444e-01 2.719156476452851745e+00
4.000000000000000222e-01 3.628745759527585157e+00
5.000000000000000000e-01 4.541073187519208076e+00
6.000000000000000888e-01 5.456813387165959206e+00
7.000000000000000666e-01 6.376634444307508254e+00
8.000000000000000444e-01 7.301196659925193622e+00
9.000000000000000222e-01 8.231151339686570978e+00
1.000000000000000000e+00 9.167139621328145083e+00
1.100000000000000089e+00 1.010979134365472909e+01
1.200000000000000178e+00 1.105972396031398830e+01
1.300000000000000044e+00 1.201754150082627071e+01
1.400000000000000133e+00 1.298383358061818171e+01
1.500000000000000000e+00 1.395917446103064918e+01
1.600000000000000089e+00 1.494412215945473399e+01
1.700000000000000178e+00 1.593921760889797490e+01
1.800000000000000044e+00 1.694498386540845303e+01
1.900000000000000133e+00 1.796192536088923219e+01
2.000000000000000000e+00 1.899052719793072797e+01
2.100000000000000089e+00 2.003125448237963724e+01
2.200000000000000178e+00 2.108455168845739536e+01
2.300000000000000266e+00 2.215084205034692388e+01
2.400000000000000355e+00 2.323052697328971306e+01
2.500000000000000000e+00 2.432398545638409360e+01
2.600000000000000089e+00 2.543157351845644953e+01
2.700000000000000178e+00 2.655362361759721779e+01
2.800000000000000266e+00 2.769044405421988131e+01
2.900000000000000355e+00 2.884231834682007545e+01
3.000000000000000000e+00 3.000950456899122543e+01
3.100000000000000089e+00 3.119223463569893795e+01
3.200000000000000178e+00 3.239071352633575174e+01
3.300000000000000266e+00 3.360511843167833490e+01
3.400000000000000355e+00 3.483559781155673107e+01
3.500000000000000000e+00 3.608227034982847670e+01
3.600000000000000089e+00 3.734522379313502682e+01
3.700000000000000178e+00 3.862451365991255159e+01
3.800000000000000266e+00 3.992016180624030852e+01
3.900000000000000355e+00 4.123215483534440295e+01
4.000000000000000000e+00 4.256044233794172271e+01
4.100000000000000533e+00 4.390493495111263655e+01
4.200000000000000178e+00 4.526550222404126345e+01
4.299999999999999822e+00 4.664197027976207011e+01
4.400000000000000355e+00 4.803411926300906032e+01
4.500000000000000000e+00 4.944168056538346434e+01
4.600000000000000533e+00 5.086433382034033457e+01
4.700000000000000178e+00 5.230170366194793274e+01
4.800000000000000711e+00 5.375335624299737702e+01
4.900000000000000355e+00 5.521879550983322105e+01
5.000000000000000000e+00 5.669745923323629455e+01
5.100000000000000533e+00 5.818871479681546077e+01
5.200000000000000178e+00 5.969185474664696756e+01
5.300000000000000711e+00 6.120609210833163161e+01
5.400000000000000355e+00 6.273055548020855809e+01
5.500000000000000000e+00 6.426428391415674923e+01
5.600000000000000533e+00 6.580622159821497519e+01
5.700000000000000178e+00 6.735521235813585861e+01
5.800000000000000711e+00 6.890999399794026203e+01
5.900000000000000355e+00 7.046919250252612699e+01
6.000000000000000000e+00 7.203131612838419073e+01
6.100000000000000533e+00 7.359474941145016658e+01
6.200000000000000178e+00 7.515774712404537183e+01
6.300000000000000711e+00 7.671842821568952786e+01
6.400000000000000355e+00 7.827476977527435054e+01
6.500000000000000000e+00 7.982460105462338618e+01
6.600000000000000533e+00 8.136559759579560591e+01
6.700000000000000178e+00 8.289527550657493293e+01
6.800000000000000711e+00 8.441098593038682907e+01
6.900000000000000355e+00 8.590990975835647703e+01
7.000000000000000000e+00 8.738905263233439769e+01
7.100000000000000533e+00 8.884524028842859877e+01
7.200000000000000178e+00 9.027511429086530370e+01
7.300000000000000711e+00 9.167512820582432198e+01
7.400000000000000355e+00 9.304154426423593804e+01
7.500000000000000000e+00 9.437043056136414521e+01
7.600000000000000533e+00 9.565765883932050428e+01
7.700000000000000178e+00 9.689890289644942811e+01
7.800000000000000711e+00 9.808963766479355684e+01
7.900000000000000355e+00 9.922513899359454115e+01
8.000000000000000000e+00 1.003004841730234205e+02
8.099999999999999645e+00 1.013105532280822416e+02
8.200000000000001066e+00 1.022500310079062160e+02
8.300000000000000711e+00 1.031134100905533018e+02
8.400000000000000355e+00 1.038949945178412975e+02
8.500000000000000000e+00 1.045889043689259950e+02
8.599999999999999645e+00 1.051890811751648016e+02
8.700000000000001066e+00 1.056892941724376698e+02
8.800000000000000711e+00 1.060831473805653218e+02
8.900000000000000355e+00 1.063640874928445612e+02
9.000000000000000000e+00 1.065254125520836084e+02
9.099999999999999645e+00 1.065602813829412412e+02
9.200000000000001066e+00 1.064617237439288573e+02
9.300000000000000711e+00 1.062226511561994897e+02
9.400000000000000355e+00 1.058358683602975674e+02
9.500000000000000000e+00 1.052940853464496627e+02
9.600000000000001421e+00 1.045899298988106665e+02
9.700000000000001066e+00 1.037159605894036076e+02
9.800000000000000711e+00 1.026646801533662341e+02
9.900000000000000355e+00 1.014285491735946323e+02
1.000000000000000000e+01 1.000000000000000000e+02
