t = 1.470000
x    u(x,t)
0.000000000000000000e+00 0.000000000000000000e+00
1.000000000000000056e-01 3.405868706542702906e-01
2.000000000000000111e-01 6.824898961380855278e-01
3.000000000000000444e-01 1.027016263072632496e+00
4.000000000000000222e-01 1.375455405395025865e+00
5.000000000000000000e-01 1.729070581060508038e+00
6.000000000000000888e-01 2.089090975094958669e+00
7.000000000000000666e-01 2.456704476496809786e+00
8.000000000000000444e-01 2.833051254246075956e+00
9.000000000000000222e-01 3.219218231897847726e+00
1.000000000000000000e+00 3.616234532082818198e+00
1.100000000000000089e+00 4.025067932940716631e+00
1.200000000000000178e+00 4.446622349304810484e+00
1.300000000000000044e+00 4.881736323500933672e+00
1.400000000000000133e+00 5.331182484960384826e+00
1.500000000000000000e+00 5.795667915337385345e+00
1.600000000000000089e+00 6.275835337125411861e+00
1.700000000000000178e+00 6.772265029313143891e+00
1.800000000000000044e+00 7.285477363609409451e+00
1.900000000000000133e+00 7.815935849175186689e+00
2.000000000000000000e+00 8.364050572408553208e+00
2.100000000000000089e+00 8.930181920745924984e+00
2.200000000000000178e+00 9.514644485151009690e+00
2.300000000000000266e+00 1.011771104435419488e+01
2.400000000000000355e+00 1.073961654432505242e+01
2.500000000000000000e+00 1.138056199824783832e+01
2.600000000000000089e+00 1.204071824478976893e+01
2.700000000000000178e+00 1.272022951512596833e+01
2.800000000000000266e+00 1.341921677151185932e+01
2.900000000000000355e+00 1.413778079176257840e+01
3.000000000000000000e+00 1.487600498449684316e+01
3.100000000000000089e+00 1.563395792921329530e+01
3.200000000000000178e+00 1.641169564306672868e+01
3.300000000000000266e+00 1.720926358255795208e+01
3.400000000000000355e+00 1.802669839327050028e+01
3.500000000000000000e+00 1.886402942436363617e+01
3.600000000000000089e+00 1.972128002688473103e+01
3.700000000000000178e+00 2.059846865624377799e+01
3.800000000000000266e+00 2.149560979955901274e+01
3.900000000000000355e+00 2.241271474819551557e+01
4.000000000000000000e+00 2.334979223483303912e+01
4.100000000000000533e+00 2.430684895295008019e+01
4.200000000000000178e+00 2.528388997481561518e+01
4.299999999999999822e+00 2.628091908202725335e+01
4.400000000000000355e+00 2.729793902038792552e+01
4.500000000000000000e+00 2.833495168850811652e+01
4.600000000000000533e+00 2.939195826696080971e+01
4.700000000000000178e+00 3.046895929208096376e+01
4.800000000000000711e+00 3.156595467553902523e+01
4.900000000000000355e+00 3.268294366755291946e+01
5.000000000000000000e+00 3.381992475793374098e+01
5.100000000000000533e+00 3.497689550496356503e+01
5.200000000000000178e+00 3.615385227723641037e+01
5.300000000000000711e+00 3.735078988789691579e+01
5.400000000000000355e+00 3.856770109401687563e+01
5.500000000000000000e+00 3.980457592598781957e+01
5.600000000000000533e+00 4.106140080261373981e+01
5.700000000000000178e+00 4.233815737692154357e+01
5.800000000000000711e+00 4.363482104546109497e+01
5.900000000000000355e+00 4.495135903999359073e+01
6.000000000000000000e+00 4.628772800499799445e+01
6.100000000000000533e+00 4.764387094749415041e+01
6.200000000000000178e+00 4.901971342755776107e+01
6.300000000000000711e+00 5.041515883901247719e+01
6.400000000000000355e+00 5.183008261074346024e+01
6.500000000000000000e+00 5.326432514070470603e+01
6.600000000000000533e+00 5.471768325803343913e+01
6.700000000000000178e+00 5.618989999500787036e+01
6.800000000000000711e+00 5.768065244137262937e+01
6.900000000000000355e+00 5.918953745047914339e+01
7.000000000000000000e+00 6.071605497155071873e+01
7.100000000000000533e+00 6.225958879705105176e+01
7.200000000000000178e+00 6.381938454044399123e+01
7.300000000000000711e+00 6.539452469925478795e+01
7.400000000000000355e+00 6.698390071266368295e+01
7.500000000000000000e+00 6.858618199280650174e+01
7.600000000000000533e+00 7.019978199484469883e+01
7.700000000000000178e+00 7.182282149224856482e+01
7.800000000000000711e+00 7.345308933925424810e+01
7.900000000000000355e+00 7.508800112974248009e+01
8.000000000000000000e+00 7.672455629740093741e+01
8.099999999999999645e+00 7.835929434145928951e+01
8.200000000000001066e+00 7.998825100001428723e+01
8.300000000000000711e+00 8.160691532262499948e+01
8.400000000000000355e+00 8.321018870848362781e+01
8.500000000000000000e+00 8.479234706877092265e+01
8.599999999999999645e+00 8.634700733459814614e+01
8.700000000000001066e+00 8.786709955852936105e+01
8.800000000000000711e+00 8.934484584236348326e+01
8.900000000000000355e+00 9.077174726235357127e+01
9.000000000000000000e+00 9.213857985291390662e+01
9.099999999999999645e+00 9.343540055087765950e+01
9.200000000000001066e+00 9.465156379670736442e+01
9.300000000000000711e+00 9.577574924146493629e+01
9.400000000000000355e+00 9.679600072604431205e+01
9.500000000000000000e+00 9.769977639166525307e+01
9.600000000000001421e+00 9.847400945934496974e+01
9.700000000000001066e+00 9.910517889379865153e+01
9.800000000000000711e+00 9.957938885751870828e+01
9.900000000000000355e+00 9.988245557719683632e+01
1.000000000000000000e+01 1.000000000000000000e+02
