t = 0.450000
x    u(x,t)
0.000000000000000000e+00 0.000000000000000000e+00
1.000000000000000056e-01 1.522484346965434221e-01
2.000000000000000111e-01 3.068754424663017732e-01
3.000000000000000444e-01 4.662064746112768443e-01
4.000000000000000222e-01 6.324643223325318031e-01
5.000000000000000000e-01 8.077263397341779561e-01
6.000000000000000888e-01 9.938908596235137560e-01
7.000000000000000666e-01 1.192654262256286568e+00
8.000000000000000444e-01 1.405499105006134064e+00
9.000000000000000222e-01 1.633692732461681452e+00
1.000000000000000000e+00 1.878294981458827007e+00
1.100000000000000089e+00 2.140173051320852338e+00
1.200000000000000178e+00 2.420021353629693284e+00
1.300000000000000044e+00 2.718384169254072003e+00
1.400000000000000133e+00 3.035679169163879809e+00
1.500000000000000000e+00 3.372220226525866504e+00
1.600000000000000089e+00 3.728238384108244485e+00
1.700000000000000178e+00 4.103900276060755026e+00
1.800000000000000044e+00 4.499323687182237741e+00
1.900000000000000133e+00 4.914590236750154162e+00
2.000000000000000000e+00 5.349755387739486778e+00
2.100000000000000089e+00 5.804856110419938098e+00
2.200000000000000178e+00 6.279916585901684556e+00
2.300000000000000266e+00 6.774952338470970226e+00
2.400000000000000355e+00 7.289973153976980313e+00
2.500000000000000000e+00 7.824985091101772205e+00
2.600000000000000089e+00 8.379991835316937809e+00
2.700000000000000178e+00 8.954995589987898796e+00
2.800000000000000266e+00 9.549997650211629718e+00
2.900000000000000355e+00 1.016499876464732033e+01
3.000000000000000000e+00 1.079999935906564090e+01
3.100000000000000089e+00 1.145499967176443512e+01
3.200000000000000178e+00 1.212999983404210091e+01
3.300000000000000266e+00 1.282499991714048981e+01
3.400000000000000355e+00 1.353999995913873633e+01
3.500000000000000000e+00 1.427499998009328408e+01
3.600000000000000089e+00 1.502999999041705159e+01
3.700000000000000178e+00 1.580499999544064238e+01
3.800000000000000266e+00 1.659999999785559766e+01
3.900000000000000355e+00 1.741499999900275952e+01
4.000000000000000000e+00 1.824999999954136243e+01
4.100000000000000533e+00 1.910499999979136376e+01
4.200000000000000178e+00 1.997999999990610931e+01
4.299999999999999822e+00 2.087499999995820588e+01
4.400000000000000355e+00 2.178999999998160675e+01
4.500000000000000000e+00 2.272499999999199716e+01
4.600000000000000533e+00 2.367999999999654648e+01
4.700000000000000178e+00 2.465499999999848768e+01
4.800000000000000711e+00 2.564999999999922053e+01
4.900000000000000355e+00 2.666499999999928150e+01
5.000000000000000000e+00 2.769999999999871676e+01
5.100000000000000533e+00 2.875499999999708223e+01
5.200000000000000178e+00 2.982999999999307761e+01
5.300000000000000711e+00 3.092499999998365467e+01
5.400000000000000355e+00 3.203999999996175774e+01
5.500000000000000000e+00 3.317499999991147064e+01
5.600000000000000533e+00 3.432999999979713124e+01
5.700000000000000178e+00 3.550499999953982666e+01
5.800000000000000711e+00 3.669999999896685949e+01
5.900000000000000355e+00 3.791499999770468321e+01
6.000000000000000000e+00 3.914999999495472593e+01
6.100000000000000533e+00 4.040499998903012369e+01
6.200000000000000178e+00 4.167999997641129539e+01
6.300000000000000711e+00 4.297499994984679716e+01
6.400000000000000355e+00 4.428999989458734632e+01
6.500000000000000000e+00 4.562499978102596287e+01
6.600000000000000533e+00 4.697999955052591048e+01
6.700000000000000178e+00 4.835499908854517059e+01
6.800000000000000711e+00 4.974999817446291672e+01
6.900000000000000355e+00 5.116499638940864259e+01
7.000000000000000000e+00 5.259999294972204353e+01
7.100000000000000533e+00 5.405498641112051672e+01
7.200000000000000178e+00 5.552997415232788825e+01
7.300000000000000711e+00 5.702495148986682949e+01
7.400000000000000355e+00 5.853991018848626737e+01
7.500000000000000000e+00 6.007483600211951824e+01
7.600000000000000533e+00 6.162970469374678828e+01
7.700000000000000178e+00 6.320447572318062157e+01
7.800000000000000711e+00 6.479908244491842595e+01
7.900000000000000355e+00 6.641341721461917302e+01
8.000000000000000000e+00 6.804730926513421707e+01
8.099999999999999645e+00 6.970049260425152227e+01
8.200000000000001066e+00 7.137256055900448359e+01
8.300000000000000711e+00 7.306290303666811781e+01
8.400000000000000355e+00 7.477062222519047907e+01
8.500000000000000000e+00 7.649442249178432007e+01
8.599999999999999645e+00 7.823247086080245083e+01
8.700000000000001066e+00 7.998222586179460336e+01
8.800000000000000711e+00 8.174023488992641262e+01
8.900000000000000355e+00 8.350190356452912965e+01
9.000000000000000000e+00 8.526124479604681028e+01
9.099999999999999645e+00 8.701062005707818514e+01
9.200000000000001066e+00 8.874049015506719229e+01
9.300000000000000711e+00 9.043919688481884123e+01
9.400000000000000355e+00 9.209279945585834071e+01
9.500000000000000000e+00 9.368498973707568211e+01
9.600000000000001421e+00 9.519710754565765853e+01
9.700000000000001066e+00 9.660827122072386430e+01
9.800000000000000711e+00 9.789562986712915915e+01
9.900000000000000355e+00 9.903473278166188720e+01
1.000000000000000000e+01 1.000000000000000000e+02
