t = 6.430000
x    u(x,t)
0.000000000000000000e+00 0.000000000000000000e+00
1.000000000000000056e-01 1.047486259656940089e+00
2.000000000000000111e-01 2.095595871268538968e+00
3.000000000000000444e-01 3.144951074545579761e+00
4.000000000000000222e-01 4.196171887150518920e+00
5.000000000000000000e-01 5.249874999718564972e+00
6.000000000000000888e-01 6.306672677984166420e+00
7.000000000000000666e-01 7.367171674134746162e+00
8.000000000000000444e-01 8.431972149304833408e+00
9.000000000000000222e-01 9.501666608866472075e+00
1.000000000000000000e+00 1.057683885186811246e+01
1.100000000000000089e+00 1.165806293562691920e+01
1.200000000000000178e+00 1.274590215609145183e+01
1.300000000000000044e+00 1.384090804416699250e+01
1.400000000000000133e+00 1.494361937773752480e+01
1.500000000000000000e+00 1.605456120863161473e+01
1.600000000000000089e+00 1.717424390326806005e+01
1.700000000000000178e+00 1.830316219518613252e+01
1.800000000000000044e+00 1.944179424712009308e+01
1.900000000000000133e+00 2.059060071972292505e+01
2.000000000000000000e+00 2.175002384348619344e+01
2.100000000000000089e+00 2.292048648984710013e+01
2.200000000000000178e+00 2.410239123692551289e+01
2.300000000000000266e+00 2.529611942480027409e+01
2.400000000000000355e+00 2.650203019471988242e+01
2.500000000000000000e+00 2.772045950615535759e+01
2.600000000000000089e+00 2.895171912514824797e+01
2.700000000000000178e+00 3.019609557699035562e+01
2.800000000000000266e+00 3.145384905590108104e+01
2.900000000000000355e+00 3.272521228404768578e+01
3.000000000000000000e+00 3.401038931199150284e+01
3.100000000000000089e+00 3.530955425244309254e+01
3.200000000000000178e+00 3.662284993907920949e+01
3.300000000000000266e+00 3.795038650211769493e+01
3.400000000000000355e+00 3.929223985237029382e+01
3.500000000000000000e+00 4.064845006560167207e+01
3.600000000000000089e+00 4.201901965922054671e+01
3.700000000000000178e+00 4.340391175362028520e+01
3.800000000000000266e+00 4.480304811087482619e+01
3.900000000000000355e+00 4.621630704398461376e+01
4.000000000000000000e+00 4.764352119045912559e+01
4.100000000000000533e+00 4.908447514471913564e+01
4.200000000000000178e+00 5.053890294460455834e+01
4.299999999999999822e+00 5.200648540818156818e+01
4.400000000000000355e+00 5.348684731805649761e+01
4.500000000000000000e+00 5.497955445152148002e+01
4.600000000000000533e+00 5.648411045607442560e+01
4.700000000000000178e+00 5.799995357117084893e+01
4.800000000000000711e+00 5.952645319847193406e+01
4.900000000000000355e+00 6.106290632434517107e+01
5.000000000000000000e+00 6.260853379994453860e+01
5.100000000000000533e+00 6.416247648583559737e+01
5.200000000000000178e+00 6.572379126983021536e+01
5.300000000000000711e+00 6.729144696843985685e+01
5.400000000000000355e+00 6.886432012413793302e+01
5.500000000000000000e+00 7.044119071242144514e+01
5.600000000000000533e+00 7.202073777446911151e+01
5.700000000000000178e+00 7.360153499298883162e+01
5.800000000000000711e+00 7.518204623061423320e+01
5.900000000000000355e+00 7.676062105193142315e+01
6.000000000000000000e+00 7.833549025187329562e+01
6.100000000000000533e+00 7.990476141478958994e+01
6.200000000000000178e+00 8.146641452996894373e+01
6.300000000000000711e+00 8.301829769073069087e+01
6.400000000000000355e+00 8.455812290540420406e+01
6.500000000000000000e+00 8.608346204954754910e+01
6.600000000000000533e+00 8.759174298961053751e+01
6.700000000000000178e+00 8.908024590889881722e+01
6.800000000000000711e+00 9.054609986712999614e+01
6.900000000000000355e+00 9.198627962507408995e+01
7.000000000000000000e+00 9.339760276572505404e+01
7.100000000000000533e+00 9.477672714314536506e+01
7.200000000000000178e+00 9.612014868955269264e+01
7.300000000000000711e+00 9.742419961036804921e+01
7.400000000000000355e+00 9.868504699581590955e+01
7.500000000000000000e+00 9.989869187625373570e+01
7.600000000000000533e+00 1.010609687467156590e+02
7.700000000000000178e+00 1.021675455841843672e+02
7.800000000000000711e+00 1.032139243788653147e+02
7.900000000000000355e+00 1.041954421982389078e+02
8.000000000000000000e+00 1.051072727999225265e+02
8.099999999999999645e+00 1.059444288064033799e+02
8.200000000000001066e+00 1.067017644515245394e+02
8.300000000000000711e+00 1.073739789052443996e+02
8.400000000000000355e+00 1.079556201796684576e+02
8.500000000000000000e+00 1.084410896157026656e+02
8.599999999999999645e+00 1.088246469459293166e+02
8.700000000000001066e+00 1.091004159254915180e+02
8.800000000000000711e+00 1.092623905189273472e+02
8.900000000000000355e+00 1.093044416270526824e+02
9.000000000000000000e+00 1.092203243341923127e+02
9.099999999999999645e+00 1.090036856523351219e+02
9.200000000000001066e+00 1.086480727351815574e+02
9.300000000000000711e+00 1.081469415315935549e+02
9.400000000000000355e+00 1.074936658446848128e+02
9.500000000000000000e+00 1.066815467597369889e+02
9.600000000000001421e+00 1.057038224013261072e+02
9.700000000000001066e+00 1.045536779775228240e+02
9.800000000000000711e+00 1.032242560668175031e+02
9.900000000000000355e+00 1.017086671015381540e+02
1.000000000000000000e+01 1.000000000000000000e+02
