t = 4.070000
x    u(x,t)
0.000000000000000000e+00 0.000000000000000000e+00
1.000000000000000056e-01 7.289989509391796574e-01
2.000000000000000111e-01 1.458788804830026820e+00
3.000000000000000444e-01 2.190158514959864799e+00
4.000000000000000222e-01 2.923893149408882675e+00
5.000000000000000000e-01 3.660771983565410448e+00
6.000000000000000888e-01 4.401566634268511358e+00
7.000000000000000666e-01 5.147039248603401340e+00
8.000000000000000444e-01 5.897940759663153010e+00
9.000000000000000222e-01 6.655009220720678798e+00
1.000000000000000000e+00 7.418968228241002549e+00
1.100000000000000089e+00 8.190525443020227669e+00
1.200000000000000178e+00 8.970371217480730408e+00
1.300000000000000044e+00 9.759177335799760655e+00
1.400000000000000133e+00 1.055759587211877637e+01
1.500000000000000000e+00 1.136625817059282895e+01
1.600000000000000089e+00 1.218577394951119253e+01
1.700000000000000178e+00 1.301673053017084492e+01
1.800000000000000044e+00 1.385969218963088068e+01
1.900000000000000133e+00 1.471519963493435945e+01
2.000000000000000000e+00 1.558376959486964708e+01
2.100000000000000089e+00 1.646589452386929509e+01
2.200000000000000178e+00 1.736204241122145220e+01
2.300000000000000266e+00 1.827265668740707127e+01
2.400000000000000355e+00 1.919815621808174555e+01
2.500000000000000000e+00 2.013893537499994935e+01
2.600000000000000089e+00 2.109536417203433700e+01
2.700000000000000178e+00 2.206778845337470329e+01
2.800000000000000266e+00 2.305653012000043134e+01
2.900000000000000355e+00 2.406188737960353308e+01
3.000000000000000000e+00 2.508413500429557885e+01
3.100000000000000089e+00 2.612352457965525332e+01
3.200000000000000178e+00 2.718028472796122230e+01
3.300000000000000266e+00 2.825462128780262461e+01
3.400000000000000355e+00 2.934671743166309099e+01
3.500000000000000000e+00 3.045673370253142664e+01
3.600000000000000089e+00 3.158480795010104103e+01
3.700000000000000178e+00 3.273105514668116456e+01
3.800000000000000266e+00 3.389556706255839202e+01
3.900000000000000355e+00 3.507841178022058415e+01
4.000000000000000000e+00 3.627963302659627232e+01
4.100000000000000533e+00 3.749924930227830799e+01
4.200000000000000178e+00 3.873725278660712235e+01
4.299999999999999822e+00 3.999360799749932482e+01
4.400000000000000355e+00 4.126825018504295173e+01
4.500000000000000000e+00 4.256108343816216433e+01
4.600000000000000533e+00 4.387197848410563950e+01
4.700000000000000178e+00 4.520077016116075441e+01
4.800000000000000711e+00 4.654725454586867528e+01
4.900000000000000355e+00 4.791118571714105911e+01
5.000000000000000000e+00 4.929227214108782817e+01
5.100000000000000533e+00 5.069017266208508232e+01
5.200000000000000178e+00 5.210449208767096252e+01
5.300000000000000711e+00 5.353477635727920614e+01
5.400000000000000355e+00 5.498050728762644468e+01
5.500000000000000000e+00 5.644109689077904335e+01
5.600000000000000533e+00 5.791588126454643515e+01
5.700000000000000178e+00 5.940411405888892915e+01
5.800000000000000711e+00 6.090495952648343092e+01
5.900000000000000355e+00 6.241748517044931788e+01
6.000000000000000000e+00 6.394065400747994943e+01
6.100000000000000533e+00 6.547331647021843537e+01
6.200000000000000178e+00 6.701420197862138650e+01
6.300000000000000711e+00 6.856191021621533821e+01
6.400000000000000355e+00 7.011490215350565336e+01
6.500000000000000000e+00 7.167149086727195595e+01
6.600000000000000533e+00 7.322983221099011075e+01
6.700000000000000178e+00 7.478791539806745448e+01
6.800000000000000711e+00 7.634355356585712116e+01
6.900000000000000355e+00 7.789437439442079381e+01
7.000000000000000000e+00 7.943781085961941812e+01
7.100000000000000533e+00 8.097109220520727035e+01
7.200000000000000178e+00 8.249123522306472012e+01
7.300000000000000711e+00 8.399503593440797999e+01
7.400000000000000355e+00 8.547906176764077202e+01
7.500000000000000000e+00 8.693964433035441175e+01
7.600000000000000533e+00 8.837287287373321476e+01
7.700000000000000178e+00 8.977458854719439785e+01
7.800000000000000711e+00 9.114037953940595571e+01
7.900000000000000355e+00 9.246557719882581239e+01
8.000000000000000000e+00 9.374525322255067294e+01
8.099999999999999645e+00 9.497421799653474750e+01
8.200000000000001066e+00 9.614702016314360833e+01
8.300000000000000711e+00 9.725794748357569119e+01
8.400000000000000355e+00 9.830102905296966753e+01
8.500000000000000000e+00 9.927003891509934874e+01
8.599999999999999645e+00 1.001585011115488868e+02
8.700000000000001066e+00 1.009596961872857150e+02
8.800000000000000711e+00 1.016666691607642292e+02
8.900000000000000355e+00 1.022722389522722040e+02
9.000000000000000000e+00 1.027690092493671727e+02
9.099999999999999645e+00 1.031493807731487777e+02
9.200000000000001066e+00 1.034055648939945371e+02
9.300000000000000711e+00 1.035295985304752264e+02
9.400000000000000355e+00 1.035133602506923012e+02
9.500000000000000000e+00 1.033485874814700907e+02
9.600000000000001421e+00 1.030268947179110057e+02
9.700000000000001066e+00 1.025397926139946776e+02
9.800000000000000711e+00 1.018787078243634170e+02
9.900000000000000355e+00 1.010350034583681094e+02
1.000000000000000000e+01 1.000000000000000000e+02
