t = 8.460000
x    u(x,t)
0.000000000000000000e+00 0.000000000000000000e+00
1.000000000000000056e-01 1.308245646485513447e+00
2.000000000000000111e-01 2.617006862833917591e+00
3.000000000000000444e-01 3.926798150218673733e+00
4.000000000000000222e-01 5.238131871461280120e+00
5.000000000000000000e-01 6.551517179405023761e+00
6.000000000000000888e-01 7.867458942299597524e+00
7.000000000000000666e-01 9.186456665119694165e+00
8.000000000000000444e-01 1.050900340567311986e+01
9.000000000000000222e-01 1.183558468427144739e+01
1.000000000000000000e+00 1.316667738563999102e+01
1.100000000000000089e+00 1.450274865163531679e+01
1.200000000000000178e+00 1.584425476321930937e+01
1.300000000000000044e+00 1.719164001001105291e+01
1.400000000000000133e+00 1.854533554560305575e+01
1.500000000000000000e+00 1.990575822668980877e+01
1.600000000000000089e+00 2.127330943391559259e+01
1.700000000000000178e+00 2.264837387220836007e+01
1.800000000000000044e+00 2.403131834822973900e+01
1.900000000000000133e+00 2.542249052244017449e+01
2.000000000000000000e+00 2.682221763315655494e+01
2.100000000000000089e+00 2.823080518986976273e+01
2.200000000000000178e+00 2.964853563299402595e+01
2.300000000000000266e+00 3.107566695714312388e+01
2.400000000000000355e+00 3.251243129497120066e+01
2.500000000000000000e+00 3.395903345858312861e+01
2.600000000000000089e+00 3.541564943551227884e+01
2.700000000000000178e+00 3.688242483628589241e+01
2.800000000000000266e+00 3.835947329065210454e+01
2.900000000000000355e+00 3.984687478962977991e+01
3.000000000000000000e+00 4.134467397066676853e+01
3.100000000000000089e+00 4.285287834335342438e+01
3.200000000000000178e+00 4.437145645334001642e+01
3.300000000000000266e+00 4.590033598234943213e+01
3.400000000000000355e+00 4.743940178246076300e+01
3.500000000000000000e+00 4.898849384316797995e+01
3.600000000000000089e+00 5.054740519008809940e+01
3.700000000000000178e+00 5.211587971460837565e+01
3.800000000000000266e+00 5.369360993421890527e+01
3.900000000000000355e+00 5.528023468377644178e+01
4.000000000000000000e+00 5.687533673848527371e+01
4.100000000000000533e+00 5.847844036996009720e+01
4.200000000000000178e+00 6.008900883735195464e+01
4.299999999999999822e+00 6.170644181616828661e+01
4.400000000000000355e+00 6.333007276809890840e+01
4.500000000000000000e+00 6.495916625586895066e+01
4.600000000000000533e+00 6.659291520787139973e+01
4.700000000000000178e+00 6.823043813808226332e+01
4.800000000000000711e+00 6.987077632752703948e+01
4.900000000000000355e+00 7.151289097433966901e+01
5.000000000000000000e+00 7.315566032023222931e+01
5.100000000000000533e+00 7.479787676196603741e+01
5.200000000000000178e+00 7.643824395717942366e+01
5.300000000000000711e+00 7.807537393467461584e+01
5.400000000000000355e+00 7.970778421999058594e+01
5.500000000000000000e+00 8.133389498778491600e+01
5.600000000000000533e+00 8.295202625320412437e+01
5.700000000000000178e+00 8.456039511503702499e+01
5.800000000000000711e+00 8.615711306400808667e+01
5.900000000000000355e+00 8.774018337007204593e+01
6.000000000000000000e+00 8.930749856301133605e+01
6.100000000000000533e+00 9.085683802100493267e+01
6.200000000000000178e+00 9.238586568212852512e+01
6.300000000000000711e+00 9.389212789395114100e+01
6.400000000000000355e+00 9.537305141651104634e+01
6.500000000000000000e+00 9.682594159397608280e+01
6.600000000000000533e+00 9.824798071021825763e+01
6.700000000000000178e+00 9.963622654335415518e+01
6.800000000000000711e+00 1.009876111340193177e+02
6.900000000000000355e+00 1.022989397817545694e+02
7.000000000000000000e+00 1.035668902833826905e+02
7.100000000000000533e+00 1.047880124266448689e+02
7.200000000000000178e+00 1.059587277516501729e+02
7.300000000000000711e+00 1.070753295918649428e+02
7.400000000000000355e+00 1.081339834054408300e+02
7.500000000000000000e+00 1.091307274066472104e+02
7.600000000000000533e+00 1.100614735060457008e+02
7.700000000000000178e+00 1.109220085668228108e+02
7.800000000000000711e+00 1.117079959833892957e+02
7.900000000000000355e+00 1.124149775869692149e+02
8.000000000000000000e+00 1.130383758814434287e+02
8.099999999999999645e+00 1.135734966111937752e+02
8.200000000000001066e+00 1.140155316611213863e+02
8.300000000000000711e+00 1.143595622873990862e+02
8.400000000000000355e+00 1.146005626758704921e+02
8.500000000000000000e+00 1.147334038233426554e+02
8.599999999999999645e+00 1.147528577353445769e+02
8.700000000000001066e+00 1.146536019322524567e+02
8.800000000000000711e+00 1.144302242540267400e+02
8.900000000000000355e+00 1.140772279521800243e+02
9.000000000000000000e+00 1.135890370560070579e+02
9.099999999999999645e+00 1.129600019985759189e+02
9.200000000000001066e+00 1.121844054865094336e+02
9.300000000000000711e+00 1.112564685961943951e+02
9.400000000000000355e+00 1.101703570777507935e+02
9.500000000000000000e+00 1.089201878468858666e+02
9.600000000000001421e+00 1.075000356436593876e+02
9.700000000000001066e+00 1.059039398362037474e+02
9.800000000000000711e+00 1.041259113465837487e+02
9.900000000000000355e+00 1.021599396752561262e+02
1.000000000000000000e+01 1.000000000000000000e+02
