t = 6.810000
x    u(x,t)
0.000000000000000000e+00 0.000000000000000000e+00
1.000000000000000056e-01 1.097129994036664336e+00
2.000000000000000111e-01 2.194862591605089897e+00
3.000000000000000444e-01 3.293799321167435235e+00
4.000000000000000222e-01 4.394539562555081602e+00
5.000000000000000000e-01 5.497679476379431662e+00
6.000000000000000888e-01 6.603810937788760604e+00
7.000000000000000666e-01 7.713520475812213562e+00
8.000000000000000444e-01 8.827388219356501864e+00
9.000000000000000222e-01 9.945986850704626292e+00
1.000000000000000000e+00 1.106988056711094082e+01
1.100000000000000089e+00 1.219962405079568413e+01
1.200000000000000178e+00 1.333576144731711643e+01
1.300000000000000044e+00 1.447882535194448117e+01
1.400000000000000133e+00 1.562933580327261751e+01
1.500000000000000000e+00 1.678779928291418599e+01
1.600000000000000089e+00 1.795470771968100721e+01
1.700000000000000178e+00 1.913053749622726940e+01
1.800000000000000044e+00 2.031574845567845244e+01
1.900000000000000133e+00 2.151078290531550863e+01
2.000000000000000000e+00 2.271606461392957854e+01
2.100000000000000089e+00 2.393199779901320312e+01
2.200000000000000178e+00 2.515896609951465024e+01
2.300000000000000266e+00 2.639733152945909112e+01
2.400000000000000355e+00 2.764743340733799926e+01
2.500000000000000000e+00 2.890958725579319832e+01
2.600000000000000089e+00 3.018408366577946111e+01
2.700000000000000178e+00 3.147118711908466793e+01
2.800000000000000266e+00 3.277113476282608673e+01
2.900000000000000355e+00 3.408413512932870049e+01
3.000000000000000000e+00 3.541036679463424974e+01
3.100000000000000089e+00 3.674997696879129450e+01
3.200000000000000178e+00 3.810308001104252185e+01
3.300000000000000266e+00 3.946975586306080430e+01
3.400000000000000355e+00 4.085004839349341665e+01
3.500000000000000000e+00 4.224396364725946995e+01
3.600000000000000089e+00 4.365146799331196803e+01
3.700000000000000178e+00 4.507248616492538673e+01
3.800000000000000266e+00 4.650689918700689418e+01
3.900000000000000355e+00 4.795454218545295788e+01
4.000000000000000000e+00 4.941520207418762567e+01
4.100000000000000533e+00 5.088861511622312150e+01
4.200000000000000178e+00 5.237446435587762039e+01
4.299999999999999822e+00 5.387237692016811508e+01
4.400000000000000355e+00 5.538192118836671796e+01
4.500000000000000000e+00 5.690260382976380527e+01
4.600000000000000533e+00 5.843386671081677264e+01
4.700000000000000178e+00 5.997508367407458252e+01
4.800000000000000711e+00 6.152555719255053646e+01
4.900000000000000355e+00 6.308451490456079824e+01
5.000000000000000000e+00 6.465110603544786727e+01
5.100000000000000533e+00 6.622439771405591102e+01
5.200000000000000178e+00 6.780337119331086626e+01
5.300000000000000711e+00 6.938691798576961389e+01
5.400000000000000355e+00 7.097383592652836626e+01
5.500000000000000000e+00 7.256282517740862659e+01
5.600000000000000533e+00 7.415248418785503759e+01
5.700000000000000178e+00 7.574130562946925238e+01
5.800000000000000711e+00 7.732767232255325496e+01
5.900000000000000355e+00 7.890985317442752489e+01
6.000000000000000000e+00 8.048599915061008403e+01
6.100000000000000533e+00 8.205413930117467203e+01
6.200000000000000178e+00 8.361217686573341723e+01
6.300000000000000711e+00 8.515788548149711801e+01
6.400000000000000355e+00 8.668890551973721870e+01
6.500000000000000000e+00 8.820274057669398360e+01
6.600000000000000533e+00 8.969675414552986581e+01
6.700000000000000178e+00 9.116816649630203528e+01
6.800000000000000711e+00 9.261405179111247321e+01
6.900000000000000355e+00 9.403133546157407352e+01
7.000000000000000000e+00 9.541679187550080599e+01
7.100000000000000533e+00 9.676704231927783439e+01
7.200000000000000178e+00 9.807855332168985285e+01
7.300000000000000711e+00 9.934763534407829866e+01
7.400000000000000355e+00 1.005704418605575370e+02
7.500000000000000000e+00 1.017429688506495609e+02
7.600000000000000533e+00 1.028610547250963094e+02
7.700000000000000178e+00 1.039203807037867193e+02
7.800000000000000711e+00 1.049164716626968357e+02
7.900000000000000355e+00 1.058446974644998306e+02
8.000000000000000000e+00 1.067002747850673217e+02
8.099999999999999645e+00 1.074782694454744387e+02
8.200000000000001066e+00 1.081735992563505846e+02
8.300000000000000711e+00 1.087810373785111722e+02
8.400000000000000355e+00 1.092952162007813115e+02
8.500000000000000000e+00 1.097106317328041030e+02
8.599999999999999645e+00 1.100216485074436008e+02
8.700000000000001066e+00 1.102225049841665339e+02
8.800000000000000711e+00 1.103073194415499643e+02
8.900000000000000355e+00 1.102700963438401658e+02
9.000000000000000000e+00 1.101047331633135258e+02
9.099999999999999645e+00 1.098050276370876759e+02
9.200000000000001066e+00 1.093646854340351666e+02
9.300000000000000711e+00 1.087773282045867660e+02
9.400000000000000355e+00 1.080365019835064118e+02
9.500000000000000000e+00 1.071356859132026500e+02
9.600000000000001421e+00 1.060683012528340470e+02
9.700000000000001066e+00 1.048277206363943179e+02
9.800000000000000711e+00 1.034072775411457883e+02
9.900000000000000355e+00 1.018002759262261776e+02
1.000000000000000000e+01 1.000000000000000000e+02
