t = 6.300000
x    u(x,t)
0.000000000000000000e+00 0.000000000000000000e+00
1.000000000000000056e-01 1.030411471298105175e+00
2.000000000000000111e-01 2.061453576640899232e+00
3.000000000000000444e-01 3.093755820855014438e+00
4.000000000000000222e-01 4.127945453126883102e+00
5.000000000000000000e-01 5.164646346115952191e+00
6.000000000000000888e-01 6.204477883230273605e+00
7.000000000000000666e-01 7.248053856524067307e+00
8.000000000000000444e-01 8.295981377455953876e+00
9.000000000000000222e-01 9.348859802473951319e+00
1.000000000000000000e+00 1.040727967507173801e+01
1.100000000000000089e+00 1.147182168559257320e+01
1.200000000000000178e+00 1.254305564964610298e+01
1.300000000000000044e+00 1.362153950555285853e+01
1.400000000000000133e+00 1.470781833074504164e+01
1.500000000000000000e+00 1.580242337653548113e+01
1.600000000000000089e+00 1.690587112012325122e+01
1.700000000000000178e+00 1.801866233213974411e+01
1.800000000000000044e+00 1.914128115745866765e+01
1.900000000000000133e+00 2.027419420640205416e+01
2.000000000000000000e+00 2.141784965287856934e+01
2.100000000000000089e+00 2.257267633539563079e+01
2.200000000000000178e+00 2.373908285629913095e+01
2.300000000000000266e+00 2.491745667402054565e+01
2.400000000000000355e+00 2.610816318255627522e+01
2.500000000000000000e+00 2.731154477187586949e+01
2.600000000000000089e+00 2.852791986245954803e+01
2.700000000000000178e+00 2.975758190670812198e+01
2.800000000000000266e+00 3.100079834955696256e+01
2.900000000000000355e+00 3.225780954026480885e+01
3.000000000000000000e+00 3.352882758704667054e+01
3.100000000000000089e+00 3.481403514598150650e+01
3.200000000000000178e+00 3.611358413545796964e+01
3.300000000000000266e+00 3.742759436732987410e+01
3.400000000000000355e+00 3.875615208594273753e+01
3.500000000000000000e+00 4.009930840627018256e+01
3.600000000000000089e+00 4.145707764256817995e+01
3.700000000000000178e+00 4.282943551922074477e+01
3.800000000000000266e+00 4.421631725581783456e+01
3.900000000000000355e+00 4.561761551897671296e+01
4.000000000000000000e+00 4.703317823399687825e+01
4.100000000000000533e+00 4.846280625012666121e+01
4.200000000000000178e+00 4.990625085401954664e+01
4.299999999999999822e+00 5.136321112686902524e+01
4.400000000000000355e+00 5.283333114173439782e+01
4.500000000000000000e+00 5.431619699870398676e+01
4.600000000000000533e+00 5.581133369678381229e+01
4.700000000000000178e+00 5.731820184274660335e+01
4.800000000000000711e+00 5.883619419862287714e+01
4.900000000000000355e+00 6.036463207105689577e+01
5.000000000000000000e+00 6.190276154737725989e+01
5.100000000000000533e+00 6.344974958493763495e+01
5.200000000000000178e+00 6.500467996205628651e+01
5.300000000000000711e+00 6.656654910071213749e+01
5.400000000000000355e+00 6.813426177302785902e+01
5.500000000000000000e+00 6.970662670547136486e+01
5.600000000000000533e+00 7.128235209662190641e+01
5.700000000000000178e+00 7.286004106625719601e+01
5.800000000000000711e+00 7.443818705540630276e+01
5.900000000000000355e+00 7.601516919886093149e+01
6.000000000000000000e+00 7.758924769342357308e+01
6.100000000000000533e+00 7.915855918687532267e+01
6.200000000000000178e+00 8.072111221424835037e+01
6.300000000000000711e+00 8.227478270946406269e+01
6.400000000000000355e+00 8.381730962172949262e+01
6.500000000000000000e+00 8.534629066724784252e+01
6.600000000000000533e+00 8.685917824777534690e+01
6.700000000000000178e+00 8.835327556832417883e+01
6.800000000000000711e+00 8.982573298685207419e+01
6.900000000000000355e+00 9.127354462907689481e+01
7.000000000000000000e+00 9.269354530159122874e+01
7.100000000000000533e+00 9.408240773621598407e+01
7.200000000000000178e+00 9.543664019801103393e+01
7.300000000000000711e+00 9.675258448854600601e+01
7.400000000000000355e+00 9.802641437492007981e+01
7.500000000000000000e+00 9.925413447360253372e+01
7.600000000000000533e+00 1.004315796164467400e+02
7.700000000000000178e+00 1.015544147242124495e+02
7.800000000000000711e+00 1.026181352106209914e+02
7.900000000000000355e+00 1.036180679373786973e+02
8.000000000000000000e+00 1.045493727377461255e+02
8.099999999999999645e+00 1.054070445231244264e+02
8.200000000000001066e+00 1.061859159837983952e+02
8.300000000000000711e+00 1.068806608914366052e+02
8.400000000000000355e+00 1.074857980072386852e+02
8.500000000000000000e+00 1.079956955957611910e+02
8.599999999999999645e+00 1.084045765404846833e+02
8.700000000000001066e+00 1.087065240531379828e+02
8.800000000000000711e+00 1.088954879647092469e+02
8.900000000000000355e+00 1.089652915819866195e+02
9.000000000000000000e+00 1.089096390894208213e+02
9.099999999999999645e+00 1.087221234721314858e+02
9.200000000000001066e+00 1.083962349320256493e+02
9.300000000000000711e+00 1.079253697652998909e+02
9.400000000000000355e+00 1.073028396660977535e+02
9.500000000000000000e+00 1.065218814178250994e+02
9.600000000000001421e+00 1.055756669306255304e+02
9.700000000000001066e+00 1.044573135808150255e+02
9.800000000000000711e+00 1.031598948057023932e+02
9.900000000000000355e+00 1.016764509052015910e+02
1.000000000000000000e+01 1.000000000000000000e+02
