t = 3.090000
x    u(x,t)
0.000000000000000000e+00 0.000000000000000000e+00
1.000000000000000056e-01 5.895863935651374232e-01
2.000000000000000111e-01 1.180080583985839704e+00
3.000000000000000444e-01 1.772387427682391658e+00
4.000000000000000222e-01 2.367405928784170666e+00
5.000000000000000000e-01 2.966026383967844460e+00
6.000000000000000888e-01 3.569127611183085413e+00
7.000000000000000666e-01 4.177574288104668021e+00
8.000000000000000444e-01 4.792214424390840222e+00
9.000000000000000222e-01 5.413876989703593878e+00
1.000000000000000000e+00 6.043369717003367114e+00
1.100000000000000089e+00 6.681477097921239228e+00
1.200000000000000178e+00 7.328958584093177464e+00
1.300000000000000044e+00 7.986547005273605393e+00
1.400000000000000133e+00 8.654947211891078851e+00
1.500000000000000000e+00 9.334834946528664190e+00
1.600000000000000089e+00 1.002685594566490757e+01
1.700000000000000178e+00 1.073162526995408683e+01
1.800000000000000044e+00 1.144972685840800963e+01
1.900000000000000133e+00 1.218171329911038825e+01
2.000000000000000000e+00 1.292810580658749053e+01
2.100000000000000089e+00 1.368939439370503486e+01
2.200000000000000178e+00 1.446603822398281203e+01
2.300000000000000266e+00 1.525846612852940254e+01
2.400000000000000355e+00 1.606707727040313216e+01
2.500000000000000000e+00 1.689224193809962316e+01
2.600000000000000089e+00 1.773430244903851261e+01
2.700000000000000178e+00 1.859357414335375225e+01
2.800000000000000266e+00 1.947034644795822089e+01
2.900000000000000355e+00 2.036488399072280586e+01
3.000000000000000000e+00 2.127742774464815056e+01
3.100000000000000089e+00 2.220819618207476154e+01
3.200000000000000178e+00 2.315738641923365648e+01
3.300000000000000266e+00 2.412517533174318629e+01
3.400000000000000355e+00 2.511172062196670751e+01
3.500000000000000000e+00 2.611716181942011161e+01
3.600000000000000089e+00 2.714162119562022113e+01
3.700000000000000178e+00 2.818520457486008013e+01
3.800000000000000266e+00 2.924800202235675428e+01
3.900000000000000355e+00 3.033008839101524501e+01
4.000000000000000000e+00 3.143152370767342774e+01
4.100000000000000533e+00 3.255235337912471039e+01
4.200000000000000178e+00 3.369260819745611713e+01
4.299999999999999822e+00 3.485230412329553928e+01
4.400000000000000355e+00 3.603144182444665944e+01
4.500000000000000000e+00 3.723000594613082370e+01
4.600000000000000533e+00 3.844796408768299045e+01
4.700000000000000178e+00 3.968526545911046810e+01
4.800000000000000711e+00 4.094183918947222622e+01
4.900000000000000355e+00 4.221759225763658208e+01
5.000000000000000000e+00 4.351240701470062788e+01
5.100000000000000533e+00 4.482613826628679021e+01
5.200000000000000178e+00 4.615860988216224570e+01
5.300000000000000711e+00 4.750961090024978262e+01
5.400000000000000355e+00 4.887889109221751482e+01
5.500000000000000000e+00 5.026615595855241025e+01
5.600000000000000533e+00 5.167106112244459126e+01
5.700000000000000178e+00 5.309320609403795999e+01
5.800000000000000711e+00 5.453212737973576907e+01
5.900000000000000355e+00 5.598729091537465052e+01
6.000000000000000000e+00 5.745808380727697084e+01
6.100000000000000533e+00 5.894380537151524635e+01
6.200000000000000178e+00 6.044365746921929627e+01
6.300000000000000711e+00 6.195673414443840699e+01
6.400000000000000355e+00 6.348201058093026461e+01
6.500000000000000000e+00 6.501833140524158239e+01
6.600000000000000533e+00 6.656439837549586969e+01
6.700000000000000178e+00 6.811875750830209597e+01
6.800000000000000711e+00 6.967978570998987209e+01
6.900000000000000355e+00 7.124567699277700683e+01
7.000000000000000000e+00 7.281442837125598544e+01
7.100000000000000533e+00 7.438382554948317704e+01
7.200000000000000178e+00 7.595142852367476394e+01
7.300000000000000711e+00 7.751455723972780731e+01
7.400000000000000355e+00 7.907027745815035757e+01
7.500000000000000000e+00 8.061538699113127393e+01
7.600000000000000533e+00 8.214640248704161252e+01
7.700000000000000178e+00 8.365954694626148580e+01
7.800000000000000711e+00 8.515073815851168604e+01
7.900000000000000355e+00 8.661557825550303846e+01
8.000000000000000000e+00 8.804934457339521714e+01
8.099999999999999645e+00 8.944698201702398421e+01
8.200000000000001066e+00 9.080309711191043220e+01
8.300000000000000711e+00 9.211195392056988851e+01
8.400000000000000355e+00 9.336747198653033308e+01
8.500000000000000000e+00 9.456322645276763694e+01
8.599999999999999645e+00 9.569245048107283935e+01
8.700000000000001066e+00 9.674804007537520079e+01
8.800000000000000711e+00 9.772256138553660776e+01
8.900000000000000355e+00 9.860826053897469023e+01
9.000000000000000000e+00 9.939707601611179655e+01
9.099999999999999645e+00 1.000806535526062788e+02
9.200000000000001066e+00 1.006503635171866620e+02
9.300000000000000711e+00 1.010973206793113519e+02
9.400000000000000355e+00 1.014124062464862277e+02
9.500000000000000000e+00 1.015862920175790833e+02
9.600000000000001421e+00 1.016094664665619263e+02
9.700000000000001066e+00 1.014722625414615891e+02
9.800000000000000711e+00 1.011648869365449741e+02
9.900000000000000355e+00 1.006774505724882545e+02
1.000000000000000000e+01 1.000000000000000000e+02
