t = 8.610000
x    u(x,t)
0.000000000000000000e+00 0.000000000000000000e+00
1.000000000000000056e-01 1.327081619865001505e+00
2.000000000000000111e-01 2.654670765166253776e+00
3.000000000000000444e-01 3.983273884867639669e+00
4.000000000000000222e-01 5.313395273891028836e+00
5.000000000000000000e-01 6.645535993336442182e+00
6.000000000000000888e-01 7.980192787348006078e+00
7.000000000000000666e-01 9.317856995435711553e+00
8.000000000000000444e-01 1.065901345900281960e+01
9.000000000000000222e-01 1.200413942075515195e+01
1.000000000000000000e+00 1.335370341558307317e+01
1.100000000000000089e+00 1.470816415141068667e+01
1.200000000000000178e+00 1.606796937840130823e+01
1.300000000000000044e+00 1.743355474479576372e+01
1.400000000000000133e+00 1.880534263754184110e+01
1.500000000000000000e+00 2.018374100575215024e+01
1.600000000000000089e+00 2.156914216490548242e+01
1.700000000000000178e+00 2.296192157958593327e+01
1.800000000000000044e+00 2.436243662243767716e+01
1.900000000000000133e+00 2.577102530690302373e+01
2.000000000000000000e+00 2.718800499121072178e+01
2.100000000000000089e+00 2.861367105099320796e+01
2.200000000000000178e+00 3.004829551783694086e+01
2.300000000000000266e+00 3.149212568101443566e+01
2.400000000000000355e+00 3.294538264961014562e+01
2.500000000000000000e+00 3.440825987223920635e+01
2.600000000000000089e+00 3.588092161157084092e+01
2.700000000000000178e+00 3.736350137090811785e+01
2.800000000000000266e+00 3.885610027014702439e+01
2.900000000000000355e+00 4.035878536854010434e+01
3.000000000000000000e+00 4.187158793182823047e+01
3.100000000000000089e+00 4.339450164147699240e+01
3.200000000000000178e+00 4.492748074396588009e+01
3.300000000000000266e+00 4.647043813832830494e+01
3.400000000000000355e+00 4.802324340043008277e+01
3.500000000000000000e+00 4.958572074280409936e+01
3.600000000000000089e+00 5.115764690922903668e+01
3.700000000000000178e+00 5.273874900365132135e+01
3.800000000000000266e+00 5.432870225349973481e+01
3.900000000000000355e+00 5.592712770793112753e+01
4.000000000000000000e+00 5.753358987207288067e+01
4.100000000000000533e+00 5.914759427889039500e+01
4.200000000000000178e+00 6.076858500090349224e+01
4.299999999999999822e+00 6.239594210460246160e+01
4.400000000000000355e+00 6.402897905106870269e+01
4.500000000000000000e+00 6.566694004698379672e+01
4.600000000000000533e+00 6.730899735090940794e+01
4.700000000000000178e+00 6.895424854043459106e+01
4.800000000000000711e+00 7.060171374651319809e+01
4.900000000000000355e+00 7.225033286204552496e+01
5.000000000000000000e+00 7.389896273249040348e+01
5.100000000000000533e+00 7.554637433702048099e+01
5.200000000000000178e+00 7.719124996944967165e+01
5.300000000000000711e+00 7.883218042885904708e+01
5.400000000000000355e+00 8.046766223052227929e+01
5.500000000000000000e+00 8.209609484837449145e+01
5.600000000000000533e+00 8.371577800087528942e+01
5.700000000000000178e+00 8.532490899267972395e+01
5.800000000000000711e+00 8.692158012504216913e+01
5.900000000000000355e+00 8.850377618833420001e+01
6.000000000000000000e+00 9.006937205044967243e+01
6.100000000000000533e+00 9.161613035519242487e+01
6.200000000000000178e+00 9.314169934499037140e+01
6.300000000000000711e+00 9.464361082244710133e+01
6.400000000000000355e+00 9.611927826532330243e+01
6.500000000000000000e+00 9.756599510953334686e+01
6.600000000000000533e+00 9.898093321463953487e+01
6.700000000000000178e+00 1.003611415261295718e+02
6.800000000000000711e+00 1.017035449484623228e+02
6.900000000000000355e+00 1.030049434424697807e+02
7.000000000000000000e+00 1.042620113601993239e+02
7.100000000000000533e+00 1.054712970296771601e+02
7.200000000000000178e+00 1.066292226013666919e+02
7.300000000000000711e+00 1.077320841672889173e+02
7.400000000000000355e+00 1.087760521628664918e+02
7.500000000000000000e+00 1.097571720605543106e+02
7.600000000000000533e+00 1.106713653632274657e+02
7.700000000000000178e+00 1.115144309041243105e+02
7.800000000000000711e+00 1.122820464588841105e+02
7.900000000000000355e+00 1.129697706738930947e+02
8.000000000000000000e+00 1.135730453137585840e+02
8.099999999999999645e+00 1.140871978292810383e+02
8.200000000000001066e+00 1.145074442457964921e+02
8.300000000000000711e+00 1.148288923702264697e+02
8.400000000000000355e+00 1.150465453136074956e+02
8.500000000000000000e+00 1.151553053242924989e+02
8.599999999999999645e+00 1.151499779254288711e+02
8.700000000000001066e+00 1.150252763487354457e+02
8.800000000000000711e+00 1.147758262550353123e+02
8.900000000000000355e+00 1.143961707304632540e+02
9.000000000000000000e+00 1.138807755457687136e+02
9.099999999999999645e+00 1.132240346646885314e+02
9.200000000000001066e+00 1.124202759859771703e+02
9.300000000000000711e+00 1.114637673023713518e+02
9.400000000000000355e+00 1.103487224585357751e+02
9.500000000000000000e+00 1.090693076889001389e+02
9.600000000000001421e+00 1.076196481152634021e+02
9.700000000000001066e+00 1.059938343831168197e+02
9.800000000000000711e+00 1.041859294148297863e+02
9.900000000000000355e+00 1.021899752571605120e+02
1.000000000000000000e+01 1.000000000000000000e+02
