t = 0.310000
x    u(x,t)
0.000000000000000000e+00 0.000000000000000000e+00
1.000000000000000056e-01 1.200923156988110557e-01
2.000000000000000111e-01 2.430500574467455155e-01
3.000000000000000444e-01 3.716455810540914562e-01
4.000000000000000222e-01 5.084742566817991305e-01
5.000000000000000000e-01 6.558873486615810489e-01
6.000000000000000888e-01 8.159466558389806279e-01
7.000000000000000666e-01 9.904026423255893885e-01
8.000000000000000444e-01 1.180694665614092420e+00
9.000000000000000222e-01 1.387969464416323850e+00
1.000000000000000000e+00 1.613112635025387931e+00
1.100000000000000089e+00 1.856787460714251603e+00
1.200000000000000178e+00 2.119475988783746878e+00
1.300000000000000044e+00 2.401518360798934548e+00
1.400000000000000133e+00 2.703147748333907252e+00
1.500000000000000000e+00 3.024519538775614080e+00
1.600000000000000089e+00 3.365734464328394182e+00
1.700000000000000178e+00 3.726856091603858889e+00
1.800000000000000044e+00 4.107923495621827570e+00
1.900000000000000133e+00 4.508960090816802158e+00
2.000000000000000000e+00 4.929979563589200531e+00
2.100000000000000089e+00 5.370989723434590246e+00
2.200000000000000178e+00 5.831994923374619333e+00
2.300000000000000266e+00 6.312997535308922714e+00
2.400000000000000355e+00 6.813998823506403291e+00
2.500000000000000000e+00 7.334999447620509372e+00
2.600000000000000089e+00 7.875999744795509017e+00
2.700000000000000178e+00 8.436999883929049204e+00
2.800000000000000266e+00 9.017999948009514100e+00
2.900000000000000355e+00 9.618999977056045481e+00
3.000000000000000000e+00 1.023999999001993544e+01
3.100000000000000089e+00 1.088099999571952736e+01
3.200000000000000178e+00 1.154199999818901645e+01
3.300000000000000266e+00 1.222299999924392289e+01
3.400000000000000355e+00 1.292399999968838920e+01
3.500000000000000000e+00 1.364499999987317658e+01
3.600000000000000089e+00 1.438599999994902134e+01
3.700000000000000178e+00 1.514699999997975866e+01
3.800000000000000266e+00 1.592799999999206229e+01
3.900000000000000355e+00 1.672899999999692255e+01
4.000000000000000000e+00 1.754999999999882832e+01
4.100000000000000533e+00 1.839099999999957191e+01
4.200000000000000178e+00 1.925199999999985323e+01
4.299999999999999822e+00 2.013299999999996359e+01
4.400000000000000355e+00 2.103400000000001313e+01
4.500000000000000000e+00 2.195500000000003027e+01
4.600000000000000533e+00 2.289600000000003632e+01
4.700000000000000178e+00 2.385700000000003485e+01
4.800000000000000711e+00 2.483800000000003649e+01
4.900000000000000355e+00 2.583900000000003061e+01
5.000000000000000000e+00 2.686000000000002785e+01
5.100000000000000533e+00 2.790100000000003178e+01
5.200000000000000178e+00 2.896200000000002106e+01
5.300000000000000711e+00 3.004300000000000637e+01
5.400000000000000355e+00 3.114399999999997704e+01
5.500000000000000000e+00 3.226499999999991530e+01
5.600000000000000533e+00 3.340599999999976433e+01
5.700000000000000178e+00 3.456699999999933226e+01
5.800000000000000711e+00 3.574799999999817146e+01
5.900000000000000355e+00 3.694899999999507401e+01
6.000000000000000000e+00 3.816999999998697746e+01
6.100000000000000533e+00 3.941099999996604453e+01
6.200000000000000178e+00 4.067199999991250081e+01
6.300000000000000711e+00 4.195299999977716254e+01
6.400000000000000355e+00 4.325399999943908114e+01
6.500000000000000000e+00 4.457499999860487350e+01
6.600000000000000533e+00 4.591599999657220366e+01
6.700000000000000178e+00 4.727699999168301304e+01
6.800000000000000711e+00 4.865799998007905458e+01
6.900000000000000355e+00 5.005899995291466098e+01
7.000000000000000000e+00 5.147999989021928258e+01
7.100000000000000533e+00 5.292099974761649150e+01
7.200000000000000178e+00 5.438199942810461351e+01
7.300000000000000711e+00 5.586299872321949778e+01
7.400000000000000355e+00 5.736399719275057407e+01
7.500000000000000000e+00 5.888499392382566100e+01
7.600000000000000533e+00 6.042598705857046326e+01
7.700000000000000178e+00 6.198697288839814235e+01
7.800000000000000711e+00 6.356794415712076329e+01
7.900000000000000355e+00 6.516888695778042973e+01
8.000000000000000000e+00 6.678977519948112729e+01
8.099999999999999645e+00 6.843056099898470279e+01
8.200000000000001066e+00 7.009115845184000193e+01
8.300000000000000711e+00 7.177141700764231302e+01
8.400000000000000355e+00 7.347107910761218363e+01
8.500000000000000000e+00 7.518971492653160738e+01
8.599999999999999645e+00 7.692662523167284405e+01
8.700000000000001066e+00 7.868070196878817057e+01
8.800000000000000711e+00 8.045023587662107900e+01
8.900000000000000355e+00 8.223266206785659449e+01
9.000000000000000000e+00 8.402423898527906942e+01
9.099999999999999645e+00 8.581966410857936012e+01
9.200000000000001066e+00 8.761164132175483132e+01
9.300000000000000711e+00 8.939042906558125878e+01
9.400000000000000355e+00 9.114341321422853071e+01
9.500000000000000000e+00 9.285476083527717606e+01
9.600000000000001421e+00 9.450521682349965147e+01
9.700000000000001066e+00 9.607210139159487028e+01
9.800000000000000711e+00 9.752955063191407703e+01
9.900000000000000355e+00 9.884901547268684396e+01
1.000000000000000000e+01 1.000000000000000000e+02
