t = 1.160000
x    u(x,t)
0.000000000000000000e+00 0.000000000000000000e+00
1.000000000000000056e-01 2.879937289458207594e-01
2.000000000000000111e-01 5.774690681583979357e-01
3.000000000000000444e-01 8.698948289148871194e-01
4.000000000000000222e-01 1.166714557132750629e+00
5.000000000000000000e-01 1.469334717792067702e+00
6.000000000000000888e-01 1.779113820310753047e+00
7.000000000000000666e-01 2.097352735147487657e+00
8.000000000000000444e-01 2.425286402520363094e+00
9.000000000000000222e-01 2.764077078111609964e+00
1.000000000000000000e+00 3.114809201133820871e+00
1.100000000000000089e+00 3.478485910369591760e+00
1.200000000000000178e+00 3.856027176807349299e+00
1.300000000000000044e+00 4.248269469962662193e+00
1.400000000000000133e+00 4.655966831060372790e+00
1.500000000000000000e+00 5.079793191500797001e+00
1.600000000000000089e+00 5.520345750313635058e+00
1.700000000000000178e+00 5.978149209821209453e+00
1.800000000000000044e+00 6.453660664082049081e+00
1.900000000000000133e+00 6.947274938943073685e+00
2.000000000000000000e+00 7.459330194374941492e+00
2.100000000000000089e+00 7.990113617621225295e+00
2.200000000000000178e+00 8.539867057855950350e+00
2.300000000000000266e+00 9.108792477817555522e+00
2.400000000000000355e+00 9.697057123684269087e+00
2.500000000000000000e+00 1.030479833988618488e+01
2.600000000000000089e+00 1.093212797947413684e+01
2.700000000000000178e+00 1.157913638222703945e+01
2.800000000000000266e+00 1.224589591130425248e+01
2.900000000000000355e+00 1.293246405463124482e+01
3.000000000000000000e+00 1.363888610927533662e+01
3.100000000000000089e+00 1.436519747594456042e+01
3.200000000000000178e+00 1.511142559669435315e+01
3.300000000000000266e+00 1.587759157231950446e+01
3.400000000000000355e+00 1.666371149716144728e+01
3.500000000000000000e+00 1.746979754861148137e+01
3.600000000000000089e+00 1.829585886686060903e+01
3.700000000000000178e+00 1.914190225782428811e+01
3.800000000000000266e+00 2.000793274899285734e+01
3.900000000000000355e+00 2.089395402450405470e+01
4.000000000000000000e+00 2.179996876222419289e+01
4.100000000000000533e+00 2.272597889221952272e+01
4.200000000000000178e+00 2.367198579281062010e+01
4.299999999999999822e+00 2.463799043749315132e+01
4.400000000000000355e+00 2.562399350340497151e+01
4.500000000000000000e+00 2.662999544971704324e+01
4.600000000000000533e+00 2.765599657229248010e+01
4.700000000000000178e+00 2.870199703914406442e+01
4.800000000000000711e+00 2.976799690955566646e+01
4.900000000000000355e+00 3.085399613813223141e+01
5.000000000000000000e+00 3.195999456340322098e+01
5.100000000000000533e+00 3.308599187880404457e+01
5.200000000000000178e+00 3.423198758175557543e+01
5.300000000000000711e+00 3.539798089398156122e+01
5.400000000000000355e+00 3.658397064294652523e+01
5.500000000000000000e+00 3.778995509012460019e+01
5.600000000000000533e+00 3.901593168644392762e+01
5.700000000000000178e+00 4.026189672837635669e+01
5.800000000000000711e+00 4.152784487939901936e+01
5.900000000000000355e+00 4.281376851055794219e+01
6.000000000000000000e+00 4.411965680020980329e+01
6.100000000000000533e+00 4.544549451630993531e+01
6.200000000000000178e+00 4.679126038449667391e+01
6.300000000000000711e+00 4.815692492142636638e+01
6.400000000000000355e+00 4.954244758521597447e+01
6.500000000000000000e+00 5.094777306354756519e+01
6.600000000000000533e+00 5.237282648537334495e+01
6.700000000000000178e+00 5.381750730501585878e+01
6.800000000000000711e+00 5.528168156904488484e+01
6.900000000000000355e+00 5.676517223844916771e+01
7.000000000000000000e+00 5.826774720374937289e+01
7.100000000000000533e+00 5.978910460190591181e+01
7.200000000000000178e+00 6.132885502488174723e+01
7.300000000000000711e+00 6.288650020479316538e+01
7.400000000000000355e+00 6.446140777437807401e+01
7.500000000000000000e+00 6.605278173883695558e+01
7.600000000000000533e+00 6.765962836057522622e+01
7.700000000000000178e+00 6.928071725601904518e+01
7.800000000000000711e+00 7.091453763642923036e+01
7.900000000000000355e+00 7.255924979384063533e+01
8.000000000000000000e+00 7.421263213812792969e+01
8.099999999999999645e+00 7.587202432837545985e+01
8.200000000000001066e+00 7.753426730490318164e+01
8.300000000000000711e+00 7.919564130803334479e+01
8.400000000000000355e+00 8.085180325344970242e+01
8.500000000000000000e+00 8.249772510650832658e+01
8.599999999999999645e+00 8.412763514166357481e+01
8.700000000000001066e+00 8.573496416958876409e+01
8.800000000000000711e+00 8.731229894488031107e+01
8.900000000000000355e+00 8.885134501406496099e+01
9.000000000000000000e+00 9.034290121247147454e+01
9.099999999999999645e+00 9.177684785922717481e+01
9.200000000000001066e+00 9.314215042772349307e+01
9.300000000000000711e+00 9.442688008662184984e+01
9.400000000000000355e+00 9.561825202341776730e+01
9.500000000000000000e+00 9.670268189571228845e+01
9.600000000000001421e+00 9.766586012845989728e+01
9.700000000000001066e+00 9.849284311806344760e+01
9.800000000000000711e+00 9.916815974974213077e+01
9.900000000000000355e+00 9.967593101840388670e+01
1.000000000000000000e+01 1.000000000000000000e+02
