t = 2.060000
x    u(x,t)
0.000000000000000000e+00 0.000000000000000000e+00
1.000000000000000056e-01 4.351288893810854597e-01
2.000000000000000111e-01 8.713695980486491077e-01
3.000000000000000444e-01 1.309828541696500759e+00
4.000000000000000222e-01 1.751601407744991734e+00
5.000000000000000000e-01 2.197767986560268394e+00
6.000000000000000888e-01 2.649387231780054197e+00
7.000000000000000666e-01 3.107492617441429683e+00
8.000000000000000444e-01 3.573087852551571686e+00
9.000000000000000222e-01 4.047143005379379765e+00
1.000000000000000000e+00 4.530591080348516542e+00
1.100000000000000089e+00 5.024325080282162403e+00
1.200000000000000178e+00 5.529195576203366436e+00
1.300000000000000044e+00 6.046008796251538975e+00
1.400000000000000133e+00 6.575525234844149303e+00
1.500000000000000000e+00 7.118458773281147955e+00
1.600000000000000089e+00 7.675476293814329942e+00
1.700000000000000178e+00 8.247197761001636707e+00
1.800000000000000044e+00 8.834196737109474284e+00
1.900000000000000133e+00 9.437001292536285391e+00
2.000000000000000000e+00 1.005609526778077267e+01
2.100000000000000089e+00 1.069191984039061971e+01
2.200000000000000178e+00 1.134487534857778002e+01
2.300000000000000266e+00 1.201532332270934234e+01
2.400000000000000355e+00 1.270358867657498614e+01
2.500000000000000000e+00 1.340996201206292682e+01
2.600000000000000089e+00 1.413470199349203149e+01
2.700000000000000178e+00 1.487803775118169547e+01
2.800000000000000266e+00 1.564017127771921523e+01
2.900000000000000355e+00 1.642127978463243210e+01
3.000000000000000000e+00 1.722151799162654129e+01
3.100000000000000089e+00 1.804102032504069086e+01
3.200000000000000178e+00 1.887990300658089993e+01
3.300000000000000266e+00 1.973826601756672261e+01
3.400000000000000355e+00 2.061619492778395113e+01
3.500000000000000000e+00 2.151376258147929477e+01
3.600000000000000089e+00 2.243103063599729907e+01
3.700000000000000178e+00 2.336805095099454377e+01
3.800000000000000266e+00 2.432486682803740408e+01
3.900000000000000355e+00 2.530151410167325920e+01
4.000000000000000000e+00 2.629802208375102879e+01
4.100000000000000533e+00 2.731441436284841373e+01
4.200000000000000178e+00 2.835070946014167959e+01
4.299999999999999822e+00 2.940692134193049867e+01
4.400000000000000355e+00 3.048305978730930121e+01
4.500000000000000000e+00 3.157913060716116860e+01
4.600000000000000533e+00 3.269513570774189759e+01
4.700000000000000178e+00 3.383107298862390167e+01
4.800000000000000711e+00 3.498693606068513162e+01
4.900000000000000355e+00 3.616271376516342428e+01
5.000000000000000000e+00 3.735838946956510398e+01
5.100000000000000533e+00 3.857394011044033277e+01
5.200000000000000178e+00 3.980933494675507234e+01
5.300000000000000711e+00 4.106453398085636763e+01
5.400000000000000355e+00 4.233948599692691062e+01
5.500000000000000000e+00 4.363412615946913320e+01
5.600000000000000533e+00 4.494837310689689502e+01
5.700000000000000178e+00 4.628212546793528048e+01
5.800000000000000711e+00 4.763525772146903847e+01
5.900000000000000355e+00 4.900761531402276461e+01
6.000000000000000000e+00 5.039900894353002059e+01
6.100000000000000533e+00 5.180920791383152135e+01
6.200000000000000178e+00 5.323793246185514505e+01
6.300000000000000711e+00 5.468484495912292687e+01
6.400000000000000355e+00 5.614953989158027525e+01
6.500000000000000000e+00 5.763153252723308384e+01
6.600000000000000533e+00 5.913024619017794947e+01
6.700000000000000178e+00 6.064499807275841192e+01
6.800000000000000711e+00 6.217498353515009057e+01
6.900000000000000355e+00 6.371925886395789007e+01
7.000000000000000000e+00 6.527672248856792692e+01
7.100000000000000533e+00 6.684609468605769678e+01
7.200000000000000178e+00 6.842589584227529542e+01
7.300000000000000711e+00 7.001442337789744386e+01
7.400000000000000355e+00 7.160972749329192766e+01
7.500000000000000000e+00 7.320958593403510406e+01
7.600000000000000533e+00 7.481147802892560605e+01
7.700000000000000178e+00 7.641255830301881247e+01
7.800000000000000711e+00 7.800963001809985542e+01
7.900000000000000355e+00 7.959911904045546294e+01
8.000000000000000000e+00 8.117704847900145637e+01
8.099999999999999645e+00 8.273901457390138603e+01
8.200000000000001066e+00 8.428016434488904451e+01
8.300000000000000711e+00 8.579517552777225831e+01
8.400000000000000355e+00 8.727823933537726475e+01
8.500000000000000000e+00 8.872304657406382944e+01
8.599999999999999645e+00 9.012277762778850843e+01
8.700000000000001066e+00 9.147009678779349429e+01
8.800000000000000711e+00 9.275715135709731385e+01
8.900000000000000355e+00 9.397557589531183453e+01
9.000000000000000000e+00 9.511650189170569547e+01
9.099999999999999645e+00 9.617057306422965723e+01
9.200000000000001066e+00 9.712796638130241433e+01
9.300000000000000711e+00 9.797841879391671682e+01
9.400000000000000355e+00 9.871125955088699300e+01
9.500000000000000000e+00 9.931544785298530087e+01
9.600000000000001421e+00 9.977961548570628736e+01
9.700000000000001066e+00 1.000921139589711544e+02
9.800000000000000711e+00 1.002410655787101774e+02
9.900000000000000355e+00 1.002144177832707328e+02
1.000000000000000000e+01 1.000000000000000000e+02
