t = 6.870000
x    u(x,t)
0.000000000000000000e+00 0.000000000000000000e+00
1.000000000000000056e-01 1.104932705882340382e+00
2.000000000000000111e-01 2.210464797015162741e+00
3.000000000000000444e-01 3.317194587893536717e+00
4.000000000000000222e-01 4.425718252877378411e+00
5.000000000000000000e-01 5.536628759519386378e+00
6.000000000000000888e-01 6.650514805845729960e+00
7.000000000000000666e-01 7.767959762705181070e+00
8.000000000000000444e-01 8.889540622131852032e+00
9.000000000000000222e-01 1.001582695245642718e+01
1.000000000000000000e+00 1.114737986065305897e+01
1.100000000000000089e+00 1.228475096212614304e+01
1.200000000000000178e+00 1.342848135782557684e+01
1.300000000000000044e+00 1.457910061823450576e+01
1.400000000000000133e+00 1.573712577340244501e+01
1.500000000000000000e+00 1.690306030780395830e+01
1.600000000000000089e+00 1.807739315839160099e+01
1.700000000000000178e+00 1.926059771378666952e+01
1.800000000000000044e+00 2.045313081211695305e+01
1.900000000000000133e+00 2.165543173457110271e+01
2.000000000000000000e+00 2.286792119130057799e+01
2.100000000000000089e+00 2.409100029586661762e+01
2.200000000000000178e+00 2.532504952400656606e+01
2.300000000000000266e+00 2.657042765208739965e+01
2.400000000000000355e+00 2.782747067022852150e+01
2.500000000000000000e+00 2.909649066471770240e+01
2.600000000000000089e+00 3.037777466401775328e+01
2.700000000000000178e+00 3.167158344237348899e+01
2.800000000000000266e+00 3.297815027478364414e+01
2.900000000000000355e+00 3.429767963690593291e+01
3.000000000000000000e+00 3.563034584332098120e+01
3.100000000000000089e+00 3.697629161749719628e+01
3.200000000000000178e+00 3.833562658677799817e+01
3.300000000000000266e+00 3.970842569576120695e+01
3.400000000000000355e+00 4.109472753155930036e+01
3.500000000000000000e+00 4.249453255462586299e+01
3.600000000000000089e+00 4.390780122910818761e+01
3.700000000000000178e+00 4.533445204704348441e+01
3.800000000000000266e+00 4.677435944115807587e+01
3.900000000000000355e+00 4.822735158155697377e+01
4.000000000000000000e+00 4.969320805220691994e+01
4.100000000000000533e+00 5.117165740381944516e+01
4.200000000000000178e+00 5.266237458053191745e+01
4.299999999999999822e+00 5.416497821866160223e+01
4.400000000000000355e+00 5.567902781676989576e+01
4.500000000000000000e+00 5.720402077731750978e+01
4.600000000000000533e+00 5.873938932131292034e+01
4.700000000000000178e+00 6.028449727855003459e+01
4.800000000000000711e+00 6.183863675729370613e+01
4.900000000000000355e+00 6.340102469859288448e+01
5.000000000000000000e+00 6.497079932177688022e+01
5.100000000000000533e+00 6.654701646910834256e+01
5.200000000000000178e+00 6.812864585902015335e+01
5.300000000000000711e+00 6.971456725883959393e+01
5.400000000000000355e+00 7.130356658939153647e+01
5.500000000000000000e+00 7.289433197536001785e+01
5.600000000000000533e+00 7.448544975676138336e+01
5.700000000000000178e+00 7.607540047832770824e+01
5.800000000000000711e+00 7.766255487500295374e+01
5.900000000000000355e+00 7.924516987309941385e+01
6.000000000000000000e+00 8.082138462793597000e+01
6.100000000000000533e+00 8.238921661996297985e+01
6.200000000000000178e+00 8.394655783246069802e+01
6.300000000000000711e+00 8.549117103485781399e+01
6.400000000000000355e+00 8.702068619654494341e+01
6.500000000000000000e+00 8.853259705673431768e+01
6.600000000000000533e+00 9.002425787643264243e+01
6.700000000000000178e+00 9.149288039893275482e+01
6.800000000000000711e+00 9.293553104538105458e+01
6.900000000000000355e+00 9.434912837193043345e+01
7.000000000000000000e+00 9.573044081473503297e+01
7.100000000000000533e+00 9.707608474857346437e+01
7.200000000000000178e+00 9.838252288419886327e+01
7.300000000000000711e+00 9.964606302860097742e+01
7.400000000000000355e+00 1.008628572312278777e+02
7.500000000000000000e+00 1.020289013378529006e+02
7.600000000000000533e+00 1.031400349721885448e+02
7.700000000000000178e+00 1.041919419635511304e+02
7.800000000000000711e+00 1.051801512368721916e+02
7.900000000000000355e+00 1.061000381791495926e+02
8.000000000000000000e+00 1.069468264940425257e+02
8.099999999999999645e+00 1.077155905537564706e+02
8.200000000000001066e+00 1.084012582546547350e+02
8.300000000000000711e+00 1.089986143801900056e+02
8.400000000000000355e+00 1.095023044717961369e+02
8.500000000000000000e+00 1.099068392053377181e+02
8.599999999999999645e+00 1.102065992676108692e+02
8.700000000000001066e+00 1.103958407242452040e+02
8.800000000000000711e+00 1.104687008672051576e+02
8.900000000000000355e+00 1.104192045269531803e+02
9.000000000000000000e+00 1.102412708312475758e+02
9.099999999999999645e+00 1.099287203895337370e+02
9.200000000000001066e+00 1.094752828789728198e+02
9.300000000000000711e+00 1.088746050053702987e+02
9.400000000000000355e+00 1.081202588096386705e+02
9.500000000000000000e+00 1.072057502879838893e+02
9.600000000000001421e+00 1.061245282917671915e+02
9.700000000000001066e+00 1.048699936709813869e+02
9.800000000000000711e+00 1.034355086235188566e+02
9.900000000000000355e+00 1.018144062109107040e+02
1.000000000000000000e+01 1.000000000000000000e+02
