t = 1.270000
x    u(x,t)
0.000000000000000000e+00 0.000000000000000000e+00
1.000000000000000056e-01 3.069526289007534769e-01
2.000000000000000111e-01 6.153212546557720319e-01
3.000000000000000444e-01 9.265107033462305353e-01
4.000000000000000222e-01 1.241903724560235567e+00
5.000000000000000000e-01 1.562850605270847293e+00
6.000000000000000888e-01 1.890659537425258385e+00
7.000000000000000666e-01 2.226587944130526076e+00
8.000000000000000444e-01 2.571834932887562264e+00
9.000000000000000222e-01 2.927535002626656002e+00
1.000000000000000000e+00 3.294753086493900085e+00
1.100000000000000089e+00 3.674480966662020176e+00
1.200000000000000178e+00 4.067635053056614325e+00
1.300000000000000044e+00 4.475055476766620188e+00
1.400000000000000133e+00 4.897506412705469714e+00
1.500000000000000000e+00 5.335677516079369020e+00
1.600000000000000089e+00 5.790186334239249888e+00
1.700000000000000178e+00 6.261581539932850937e+00
1.800000000000000044e+00 6.750346823793307749e+00
1.900000000000000133e+00 7.256905282676067159e+00
2.000000000000000000e+00 7.781624145446393470e+00
2.100000000000000089e+00 8.324819688047664812e+00
2.200000000000000178e+00 8.886762204019753142e+00
2.300000000000000266e+00 9.467680913898202988e+00
2.400000000000000355e+00 1.006776871593418932e+01
2.500000000000000000e+00 1.068718670024154527e+01
2.600000000000000089e+00 1.132606836784218629e+01
2.700000000000000178e+00 1.198452351435548024e+01
2.800000000000000266e+00 1.266264175465753006e+01
2.900000000000000355e+00 1.336049567930831117e+01
3.000000000000000000e+00 1.407814364567479970e+01
3.100000000000000089e+00 1.481563221639123640e+01
3.200000000000000178e+00 1.557299826515325947e+01
3.300000000000000266e+00 1.635027077500454240e+01
3.400000000000000355e+00 1.714747235747908505e+01
3.500000000000000000e+00 1.796462052249279395e+01
3.600000000000000089e+00 1.880172872903544601e+01
3.700000000000000178e+00 1.965880724579832162e+01
3.800000000000000266e+00 2.053586384916596330e+01
3.900000000000000355e+00 2.143290438375298734e+01
4.000000000000000000e+00 2.234993320809399009e+01
4.100000000000000533e+00 2.328695354536840156e+01
4.200000000000000178e+00 2.424396775629493916e+01
4.299999999999999822e+00 2.522097754865287556e+01
4.400000000000000355e+00 2.621798413533439742e+01
4.500000000000000000e+00 2.723498835042452271e+01
4.600000000000000533e+00 2.827199073053211009e+01
4.700000000000000178e+00 2.932899156642055871e+01
4.800000000000000711e+00 3.040599092784818325e+01
4.900000000000000355e+00 3.150298866233871564e+01
5.000000000000000000e+00 3.261998436625356135e+01
5.100000000000000533e+00 3.375697732389430428e+01
5.200000000000000178e+00 3.491396640726809153e+01
5.300000000000000711e+00 3.609094992541411528e+01
5.400000000000000355e+00 3.728792540760301222e+01
5.500000000000000000e+00 3.850488929904451396e+01
5.600000000000000533e+00 3.974183654070561289e+01
5.700000000000000178e+00 4.099875999617307087e+01
5.800000000000000711e+00 4.227564967789567874e+01
5.900000000000000355e+00 4.357249171233260654e+01
6.000000000000000000e+00 4.488926696825773632e+01
6.100000000000000533e+00 4.622594925452993664e+01
6.200000000000000178e+00 4.758250297293441378e+01
6.300000000000000711e+00 4.895888008826923965e+01
6.400000000000000355e+00 5.035501625192424058e+01
6.500000000000000000e+00 5.177082588725615864e+01
6.600000000000000533e+00 5.320619601588482084e+01
6.700000000000000178e+00 5.466097857476617605e+01
6.800000000000000711e+00 5.613498094608077338e+01
6.900000000000000355e+00 5.762795439758664884e+01
7.000000000000000000e+00 5.913958011252830715e+01
7.100000000000000533e+00 6.066945247826752308e+01
7.200000000000000178e+00 6.221705930463087242e+01
7.300000000000000711e+00 6.378175865986457183e+01
7.400000000000000355e+00 6.536275204738186062e+01
7.500000000000000000e+00 6.695905370329298023e+01
7.600000000000000533e+00 6.856945587563586741e+01
7.700000000000000178e+00 7.019249005308256528e+01
7.800000000000000711e+00 7.182638424433035595e+01
7.900000000000000355e+00 7.346901656858707952e+01
8.000000000000000000e+00 7.511786559994487789e+01
8.099999999999999645e+00 7.676995810945550147e+01
8.200000000000001066e+00 7.842181506173645289e+01
8.300000000000000711e+00 8.006939693926655366e+01
8.400000000000000355e+00 8.170804967663424634e+01
8.500000000000000000e+00 8.333245267687414071e+01
8.599999999999999645e+00 8.493657053976045290e+01
8.700000000000001066e+00 8.651361024443272640e+01
8.800000000000000711e+00 8.805598558362243011e+01
8.900000000000000355e+00 8.955529063328175710e+01
9.000000000000000000e+00 9.100228395143236071e+01
9.099999999999999645e+00 9.238688502889264953e+01
9.200000000000001066e+00 9.369818426176264836e+01
9.300000000000000711e+00 9.492446738543523566e+01
9.400000000000000355e+00 9.605325491167729979e+01
9.500000000000000000e+00 9.707135665797883917e+01
9.600000000000001421e+00 9.796494097016221758e+01
9.700000000000001066e+00 9.871961773680823171e+01
9.800000000000000711e+00 9.932053380121325858e+01
9.900000000000000355e+00 9.975247891790814947e+01
1.000000000000000000e+01 1.000000000000000000e+02
