t = 8.270000
x    u(x,t)
0.000000000000000000e+00 0.000000000000000000e+00
1.000000000000000056e-01 1.284300480706555225e+00
2.000000000000000111e-01 2.569126643139435284e+00
3.000000000000000444e-01 3.855003108768410236e+00
4.000000000000000222e-01 5.142452377754969106e+00
5.000000000000000000e-01 6.431993766290230674e+00
6.000000000000000888e-01 7.724142341467548079e+00
7.000000000000000666e-01 9.019407852775902512e+00
8.000000000000000444e-01 1.031829365922285824e+01
9.000000000000000222e-01 1.162129565100109296e+01
1.000000000000000000e+00 1.292890116450194604e+01
1.100000000000000089e+00 1.424158788935425157e+01
1.200000000000000178e+00 1.555982276602898295e+01
1.300000000000000044e+00 1.688406087240193898e+01
1.400000000000000133e+00 1.821474429750984569e+01
1.500000000000000000e+00 1.955230100057268672e+01
1.600000000000000089e+00 2.089714365318904044e+01
1.700000000000000178e+00 2.224966846244440788e+01
1.800000000000000044e+00 2.361025397250838509e+01
1.900000000000000133e+00 2.497925984213725314e+01
2.000000000000000000e+00 2.635702559534803413e+01
2.100000000000000089e+00 2.774386934239091929e+01
2.200000000000000178e+00 2.914008646802245295e+01
2.300000000000000266e+00 3.054594828397561912e+01
2.400000000000000355e+00 3.196170064243755604e+01
2.500000000000000000e+00 3.338756250728450681e+01
2.600000000000000089e+00 3.482372447979037844e+01
2.700000000000000178e+00 3.627034727552146620e+01
2.800000000000000266e+00 3.772756014916037515e+01
2.900000000000000355e+00 3.919545926406724590e+01
3.000000000000000000e+00 4.067410600349082728e+01
3.100000000000000089e+00 4.216352522048632778e+01
3.200000000000000178e+00 4.366370342378383640e+01
3.300000000000000266e+00 4.517458689708256259e+01
3.400000000000000355e+00 4.669607974952232610e+01
3.500000000000000000e+00 4.822804189540735820e+01
3.600000000000000089e+00 4.977028696162703625e+01
3.700000000000000178e+00 5.132258012163632088e+01
3.800000000000000266e+00 5.288463585532308286e+01
3.900000000000000355e+00 5.445611563459994642e+01
4.000000000000000000e+00 5.603662553511495759e+01
4.100000000000000533e+00 5.762571377507493509e+01
4.200000000000000178e+00 5.922286818281676801e+01
4.299999999999999822e+00 6.082751359544135994e+01
4.400000000000000355e+00 6.243900919154119578e+01
4.500000000000000000e+00 6.405664576179955816e+01
4.600000000000000533e+00 6.567964292201548915e+01
4.700000000000000178e+00 6.730714627390624116e+01
4.800000000000000711e+00 6.893822451985646182e+01
4.900000000000000355e+00 7.057186653861194259e+01
5.000000000000000000e+00 7.220697842975118874e+01
5.100000000000000533e+00 7.384238053560341086e+01
5.200000000000000178e+00 7.547680445011080508e+01
5.300000000000000711e+00 7.710889002494695887e+01
5.400000000000000355e+00 7.873718238399747804e+01
5.500000000000000000e+00 8.036012895807387224e+01
5.600000000000000533e+00 8.197607655245975877e+01
5.700000000000000178e+00 8.358326846057370574e+01
5.800000000000000711e+00 8.517984163766485040e+01
5.900000000000000355e+00 8.676382394903049544e+01
6.000000000000000000e+00 8.833313150775089184e+01
6.100000000000000533e+00 8.988556611736711943e+01
6.200000000000000178e+00 9.141881283527820301e+01
6.300000000000000711e+00 9.293043767289442769e+01
6.400000000000000355e+00 9.441788544875181799e+01
6.500000000000000000e+00 9.587847781085883980e+01
6.600000000000000533e+00 9.730941144450906677e+01
6.700000000000000178e+00 9.870775648164679694e+01
6.800000000000000711e+00 1.000704551276108845e+02
6.900000000000000355e+00 1.013943205207084475e+02
7.000000000000000000e+00 1.026760358395749222e+02
7.100000000000000533e+00 1.039121536726675004e+02
7.200000000000000178e+00 1.050990956635080664e+02
7.300000000000000711e+00 1.062331524444463753e+02
7.400000000000000355e+00 1.073104838707520940e+02
7.500000000000000000e+00 1.083271195657726480e+02
7.600000000000000533e+00 1.092789597867132017e+02
7.700000000000000178e+00 1.101617766193147077e+02
7.800000000000000711e+00 1.109712155083283136e+02
7.900000000000000355e+00 1.117027971292211248e+02
8.000000000000000000e+00 1.123519196050038147e+02
8.099999999999999645e+00 1.129138610704582959e+02
8.200000000000001066e+00 1.133837825843700813e+02
8.300000000000000711e+00 1.137567313886485181e+02
8.400000000000000355e+00 1.140276445114604371e+02
8.500000000000000000e+00 1.141913527097185010e+02
8.599999999999999645e+00 1.142425847444725804e+02
8.700000000000001066e+00 1.141759719809587352e+02
8.800000000000000711e+00 1.139860533032812526e+02
8.900000000000000355e+00 1.136672803319549843e+02
9.000000000000000000e+00 1.132140229308253225e+02
9.099999999999999645e+00 1.126205749882322920e+02
9.200000000000001066e+00 1.118811604557001544e+02
9.300000000000000711e+00 1.109899396259311999e+02
9.400000000000000355e+00 1.099410156304731885e+02
9.500000000000000000e+00 1.087284411361249710e+02
9.600000000000001421e+00 1.073462252179569560e+02
9.700000000000001066e+00 1.057883403857591702e+02
9.800000000000000711e+00 1.040487297398021553e+02
9.900000000000000355e+00 1.021213142310088955e+02
1.000000000000000000e+01 1.000000000000000000e+02
