t = 8.510000
x    u(x,t)
0.000000000000000000e+00 0.000000000000000000e+00
1.000000000000000056e-01 1.314531005692959331e+00
2.000000000000000111e-01 2.629574906226237907e+00
3.000000000000000444e-01 3.945643525260392082e+00
4.000000000000000222e-01 5.263246543080406070e+00
5.000000000000000000e-01 6.582890422350904380e+00
6.000000000000000888e-01 7.905077330755927001e+00
7.000000000000000666e-01 9.230304059407187012e+00
8.000000000000000444e-01 1.055906093583964989e+01
9.000000000000000222e-01 1.189183073033383842e+01
1.000000000000000000e+00 1.322908755421163995e+01
1.100000000000000089e+00 1.457129574864802990e+01
1.200000000000000178e+00 1.591890876242655040e+01
1.300000000000000044e+00 1.727236801694383672e+01
1.400000000000000133e+00 1.863210175663940760e+01
1.500000000000000000e+00 1.999852388289414762e+01
1.600000000000000089e+00 2.137203276930657836e+01
1.700000000000000178e+00 2.275301005612210758e+01
1.800000000000000044e+00 2.414181942146089099e+01
1.900000000000000133e+00 2.553880532686591209e+01
2.000000000000000000e+00 2.694429173457823623e+01
2.100000000000000089e+00 2.835858079384404462e+01
2.200000000000000178e+00 2.978195149346960591e+01
2.300000000000000266e+00 3.121465827777067048e+01
2.400000000000000355e+00 3.265692962301280744e+01
2.500000000000000000e+00 3.410896657141292820e+01
2.600000000000000089e+00 3.557094121977206669e+01
2.700000000000000178e+00 3.704299515983788638e+01
2.800000000000000266e+00 3.852523786755509150e+01
2.900000000000000355e+00 4.001774503845444997e+01
3.000000000000000000e+00 4.152055686656012767e+01
3.100000000000000089e+00 4.303367626436075000e+01
3.200000000000000178e+00 4.455706702159431387e+01
3.300000000000000266e+00 4.609065190084286456e+01
3.400000000000000355e+00 4.763431066821869564e+01
3.500000000000000000e+00 4.918787805775310318e+01
3.600000000000000089e+00 5.075114166846923780e+01
3.700000000000000178e+00 5.232383979353421921e+01
3.800000000000000266e+00 5.390565918134075218e+01
3.900000000000000355e+00 5.549623272886423564e+01
4.000000000000000000e+00 5.709513710817735443e+01
4.100000000000000533e+00 5.870189032757762249e+01
4.200000000000000178e+00 6.031594922939294179e+01
4.299999999999999822e+00 6.193670692717186910e+01
4.400000000000000355e+00 6.356349018563791020e+01
4.500000000000000000e+00 6.519555674748556839e+01
4.600000000000000533e+00 6.683209261181664829e+01
4.700000000000000178e+00 6.847220926975357713e+01
4.800000000000000711e+00 7.011494090351835951e+01
4.900000000000000355e+00 7.175924155602507426e+01
5.000000000000000000e+00 7.340398227879479975e+01
5.100000000000000533e+00 7.504794826675978925e+01
5.200000000000000178e+00 7.668983598927070489e+01
5.300000000000000711e+00 7.832825032735175341e+01
5.400000000000000355e+00 7.996170172795612530e+01
5.500000000000000000e+00 8.158860338665154188e+01
5.600000000000000533e+00 8.320726847080568689e+01
5.700000000000000178e+00 8.481590739593863759e+01
5.800000000000000711e+00 8.641262516845419839e+01
5.900000000000000355e+00 8.799541880844965647e+01
6.000000000000000000e+00 8.956217486672760231e+01
6.100000000000000533e+00 9.111066705048520475e+01
6.200000000000000178e+00 9.263855397243223422e+01
6.300000000000000711e+00 9.414337703828205406e+01
6.400000000000000355e+00 9.562255848766447741e+01
6.500000000000000000e+00 9.707339960352160801e+01
6.600000000000000533e+00 9.849307910496317220e+01
6.700000000000000178e+00 9.987865173837251120e+01
6.800000000000000711e+00 1.012270470812656242e+02
6.900000000000000355e+00 1.025350685730124809e+02
7.000000000000000000e+00 1.037993927860283634e+02
7.100000000000000533e+00 1.050165689504368913e+02
7.200000000000000178e+00 1.061830187444916049e+02
7.300000000000000711e+00 1.072950363622241241e+02
7.400000000000000355e+00 1.083487888688661513e+02
7.500000000000000000e+00 1.093403168535710961e+02
7.600000000000000533e+00 1.102655353878446505e+02
7.700000000000000178e+00 1.111202352968890068e+02
7.800000000000000711e+00 1.119000847497747060e+02
7.900000000000000355e+00 1.126006311729878320e+02
8.000000000000000000e+00 1.132173034904648716e+02
8.099999999999999645e+00 1.137454146917319093e+02
8.200000000000001066e+00 1.141801647282176475e+02
8.300000000000000711e+00 1.145166437362223775e+02
8.400000000000000355e+00 1.147498355834071191e+02
8.500000000000000000e+00 1.148746217340290059e+02
8.599999999999999645e+00 1.148857854265050804e+02
8.700000000000001066e+00 1.147780161552453393e+02
8.800000000000000711e+00 1.145459144470709845e+02
8.900000000000000355e+00 1.141839969209373891e+02
9.000000000000000000e+00 1.136867016181250705e+02
9.099999999999999645e+00 1.130483935885577438e+02
9.200000000000001066e+00 1.122633707174665147e+02
9.300000000000000711e+00 1.113258697752538779e+02
9.400000000000000355e+00 1.102300726721323940e+02
9.500000000000000000e+00 1.089701128979300506e+02
9.600000000000001421e+00 1.075400821263766034e+02
9.700000000000001066e+00 1.059340369622233595e+02
9.800000000000000711e+00 1.041460058087079830e+02
9.900000000000000355e+00 1.021699958321639912e+02
1.000000000000000000e+01 1.000000000000000000e+02
