t = 4.320000
x    u(x,t)
0.000000000000000000e+00 0.000000000000000000e+00
1.000000000000000056e-01 7.637354787464143424e-01
2.000000000000000111e-01 1.528238547853278728e+00
3.000000000000000444e-01 2.294275010785162383e+00
4.000000000000000222e-01 3.062607109228462576e+00
5.000000000000000000e-01 3.833991772082159244e+00
6.000000000000000888e-01 4.609178899874969204e+00
7.000000000000000666e-01 5.388909695708346881e+00
8.000000000000000444e-01 6.173915053229412031e+00
9.000000000000000222e-01 6.964914011408989580e+00
1.000000000000000000e+00 7.762612285047391758e+00
1.100000000000000089e+00 8.567700878965620603e+00
1.200000000000000178e+00 9.380854792774469431e+00
1.300000000000000044e+00 1.020273182196250694e+01
1.400000000000000133e+00 1.103397145981934102e+01
1.500000000000000000e+00 1.187519390342833603e+01
1.600000000000000089e+00 1.272699916563664146e+01
1.700000000000000178e+00 1.358996629355486441e+01
1.800000000000000044e+00 1.446465269276785826e+01
1.900000000000000133e+00 1.535159355506445777e+01
2.000000000000000000e+00 1.625130138613064545e+01
2.100000000000000089e+00 1.716426562830807612e+01
2.200000000000000178e+00 1.809095237220807562e+01
2.300000000000000266e+00 1.903180414969921230e+01
2.400000000000000355e+00 1.998723979956086794e+01
2.500000000000000000e+00 2.095765439592230450e+01
2.600000000000000089e+00 2.194341922849073612e+01
2.700000000000000178e+00 2.294488182251623698e+01
2.800000000000000266e+00 2.396236598544871654e+01
2.900000000000000355e+00 2.499617186631270016e+01
3.000000000000000000e+00 2.604657601296199587e+01
3.100000000000000089e+00 2.711383141157675780e+01
3.200000000000000178e+00 2.819816749203185324e+01
3.300000000000000266e+00 2.929979008209686597e+01
3.400000000000000355e+00 3.041888129282597930e+01
3.500000000000000000e+00 3.155559931696200593e+01
3.600000000000000089e+00 3.271007812171490770e+01
3.700000000000000178e+00 3.388242701688588454e+01
3.800000000000000266e+00 3.507273007899866002e+01
3.900000000000000355e+00 3.628104541187591536e+01
4.000000000000000000e+00 3.750740422397279161e+01
4.100000000000000533e+00 3.875180970275808079e+01
4.200000000000000178e+00 4.001423566653355124e+01
4.299999999999999822e+00 4.129462497431504175e+01
4.400000000000000355e+00 4.259288767478349058e+01
4.500000000000000000e+00 4.390889887586769902e+01
4.600000000000000533e+00 4.524249631726288357e+01
4.700000000000000178e+00 4.659347762913938595e+01
4.800000000000000711e+00 4.796159726147709534e+01
4.900000000000000355e+00 4.934656306989111130e+01
5.000000000000000000e+00 5.074803254551575549e+01
5.100000000000000533e+00 5.216560867850290606e+01
5.200000000000000178e+00 5.359883544698624291e+01
5.300000000000000711e+00 5.504719292597578573e+01
5.400000000000000355e+00 5.651009201359021716e+01
5.500000000000000000e+00 5.798686877531029893e+01
5.600000000000000533e+00 5.947677841054788672e+01
5.700000000000000178e+00 6.097898884976476097e+01
5.800000000000000711e+00 6.249257399463088092e+01
5.900000000000000355e+00 6.401650661826421640e+01
6.000000000000000000e+00 6.554965094741598364e+01
6.100000000000000533e+00 6.709075495352003315e+01
6.200000000000000178e+00 6.863844238477004467e+01
6.300000000000000711e+00 7.019120457677124136e+01
6.400000000000000355e+00 7.174739208477161867e+01
6.500000000000000000e+00 7.330520618594758275e+01
6.600000000000000533e+00 7.486269030561909688e+01
6.700000000000000178e+00 7.641772142652321520e+01
6.800000000000000711e+00 7.796800154529051952e+01
6.900000000000000355e+00 7.951104924495760429e+01
7.000000000000000000e+00 8.104419145661410084e+01
7.100000000000000533e+00 8.256455548703006286e+01
7.200000000000000178e+00 8.406906139224290087e+01
7.300000000000000711e+00 8.555441477951119111e+01
7.400000000000000355e+00 8.701710012167545472e+01
7.500000000000000000e+00 8.845337466872541654e+01
7.600000000000000533e+00 8.985926304118238761e+01
7.700000000000000178e+00 9.123055258870728323e+01
7.800000000000000711e+00 9.256278959508571802e+01
7.900000000000000355e+00 9.385127640739031563e+01
8.000000000000000000e+00 9.509106956265654276e+01
8.099999999999999645e+00 9.627697897983213693e+01
8.200000000000001066e+00 9.740356827808768969e+01
8.300000000000000711e+00 9.846515627484542676e+01
8.400000000000000355e+00 9.945581970814930628e+01
8.500000000000000000e+00 1.003693972183388041e+02
8.599999999999999645e+00 1.011994946134970945e+02
8.700000000000001066e+00 1.019394914319309180e+02
8.800000000000000711e+00 1.025825488031373283e+02
8.900000000000000355e+00 1.031216185964644865e+02
9.000000000000000000e+00 1.035494538341360311e+02
9.099999999999999645e+00 1.038586203326501476e+02
9.200000000000001066e+00 1.040415095239590499e+02
9.300000000000000711e+00 1.040903523954616645e+02
9.400000000000000355e+00 1.039972344758814415e+02
9.500000000000000000e+00 1.037541117827311865e+02
9.600000000000001421e+00 1.033528276364596934e+02
9.700000000000001066e+00 1.027851302366932345e+02
9.800000000000000711e+00 1.020426908873808713e+02
9.900000000000000355e+00 1.011171227502602790e+02
1.000000000000000000e+01 1.000000000000000000e+02
