t = 0.610000
x    u(x,t)
0.000000000000000000e+00 0.000000000000000000e+00
1.000000000000000056e-01 1.858055609131127051e-01
2.000000000000000111e-01 3.736541739647713523e-01
3.000000000000000444e-01 5.655552713228957362e-01
4.000000000000000222e-01 7.634527134845571217e-01
5.000000000000000000e-01 9.691960354504285391e-01
6.000000000000000888e-01 1.184516159261882251e+00
7.000000000000000666e-01 1.411006487804286946e+00
8.000000000000000444e-01 1.650109888030228733e+00
9.000000000000000222e-01 1.903111654832768895e+00
1.000000000000000000e+00 2.171138160552426477e+00
1.100000000000000089e+00 2.455160573178000405e+00
1.200000000000000178e+00 2.756002791591663836e+00
1.300000000000000044e+00 3.074352609225407651e+00
1.400000000000000133e+00 3.410775076701250796e+00
1.500000000000000000e+00 3.765727077801547029e+00
1.600000000000000089e+00 4.139572242810346303e+00
1.700000000000000178e+00 4.532595476702735660e+00
1.800000000000000044e+00 4.945016554452815960e+00
1.900000000000000133e+00 5.377002411986676833e+00
2.000000000000000000e+00 5.828677923406659467e+00
2.100000000000000089e+00 6.300135092540345205e+00
2.200000000000000178e+00 6.791440694170869818e+00
2.300000000000000266e+00 7.302642476421087103e+00
2.400000000000000355e+00 7.833774082961222796e+00
2.500000000000000000e+00 8.384858876404774009e+00
2.600000000000000089e+00 8.955912847905098673e+00
2.700000000000000178e+00 9.546946788151736030e+00
2.800000000000000266e+00 1.015796787676818980e+01
2.900000000000000355e+00 1.078898082472468722e+01
3.000000000000000000e+00 1.143998868096499244e+01
3.100000000000000089e+00 1.211099339216587367e+01
3.200000000000000178e+00 1.280199618469132972e+01
3.300000000000000266e+00 1.351299782097565938e+01
3.400000000000000355e+00 1.424399876888299410e+01
3.500000000000000000e+00 1.499499931184514878e+01
3.600000000000000089e+00 1.576599961939986372e+01
3.700000000000000178e+00 1.655699979169707348e+01
3.800000000000000266e+00 1.736799988717261911e+01
3.900000000000000355e+00 1.819899993951097272e+01
4.000000000000000000e+00 1.904999996789789307e+01
4.100000000000000533e+00 1.992099998313287657e+01
4.200000000000000178e+00 2.081199999122454614e+01
4.299999999999999822e+00 2.172299999547782434e+01
4.400000000000000355e+00 2.265399999768976258e+01
4.500000000000000000e+00 2.360499999882599553e+01
4.600000000000000533e+00 2.457599999939820634e+01
4.700000000000000178e+00 2.556699999967134218e+01
4.800000000000000711e+00 2.657799999977429195e+01
4.900000000000000355e+00 2.760899999975471175e+01
5.000000000000000000e+00 2.865999999959866784e+01
5.100000000000000533e+00 2.973099999922187564e+01
5.200000000000000178e+00 3.082199999842761429e+01
5.300000000000000711e+00 3.193299999681257617e+01
5.400000000000000355e+00 3.306399999357936537e+01
5.500000000000000000e+00 3.421499998717764868e+01
5.600000000000000533e+00 3.538599997462913649e+01
5.700000000000000178e+00 3.657699995027483908e+01
5.800000000000000711e+00 3.778799990347827986e+01
5.900000000000000355e+00 3.901899981446504029e+01
6.000000000000000000e+00 4.026999964687813360e+01
6.100000000000000533e+00 4.154099933462106264e+01
6.200000000000000178e+00 4.283199875889872033e+01
6.300000000000000711e+00 4.414299770866749384e+01
6.400000000000000355e+00 4.547399581339816166e+01
6.500000000000000000e+00 4.682499243029639047e+01
6.600000000000000533e+00 4.819598645771273482e+01
6.700000000000000178e+00 4.958697603073204618e+01
6.800000000000000711e+00 5.099795803160444763e+01
6.900000000000000355e+00 5.242892731382448090e+01
7.000000000000000000e+00 5.387987549061491421e+01
7.100000000000000533e+00 5.535078907197158316e+01
7.200000000000000178e+00 5.684164664445006565e+01
7.300000000000000711e+00 5.835241466966901669e+01
7.400000000000000355e+00 5.988304132695601822e+01
7.500000000000000000e+00 6.143344764045251338e+01
7.600000000000000533e+00 6.300351491257344350e+01
7.700000000000000178e+00 6.459306724063186778e+01
7.800000000000000711e+00 6.620184763587940324e+01
7.900000000000000355e+00 6.782948601794359433e+01
8.000000000000000000e+00 6.947545715747303063e+01
8.099999999999999645e+00 7.113902653185321867e+01
8.200000000000001066e+00 7.281918209898076100e+01
8.300000000000000711e+00 7.451455024372984326e+01
8.400000000000000355e+00 7.622329467091351773e+01
8.500000000000000000e+00 7.794299785581669937e+01
8.599999999999999645e+00 7.967052584371343471e+01
8.700000000000001066e+00 8.140187870147917693e+01
8.800000000000000711e+00 8.313203070750799384e+01
8.900000000000000355e+00 8.485476630495766415e+01
9.000000000000000000e+00 8.656251976607634901e+01
9.099999999999999645e+00 8.824622820316010063e+01
9.200000000000001066e+00 8.989520876833216789e+01
9.300000000000000711e+00 9.149707136584677869e+01
9.400000000000000355e+00 9.303767775188030953e+01
9.500000000000000000e+00 9.450115638995436029e+01
9.600000000000001421e+00 9.586997984832986219e+01
9.700000000000001066e+00 9.712510798455164718e+01
9.800000000000000711e+00 9.824619591361232551e+01
9.900000000000000355e+00 9.921186117004414484e+01
1.000000000000000000e+01 1.000000000000000000e+02
