t = 5.050000
x    u(x,t)
0.000000000000000000e+00 0.000000000000000000e+00
1.000000000000000056e-01 8.636448507486772508e-01
2.000000000000000111e-01 1.727998982269237871e+00
3.000000000000000444e-01 2.593770238345206369e+00
4.000000000000000222e-01 3.461663596289849210e+00
5.000000000000000000e-01 4.332379752377488735e+00
6.000000000000000888e-01 5.206613729396408097e+00
7.000000000000000666e-01 6.085053513236703182e+00
8.000000000000000444e-01 6.968378725037837285e+00
9.000000000000000222e-01 7.857259334942336970e+00
1.000000000000000000e+00 8.752354422938934064e+00
1.100000000000000089e+00 9.654310991636089412e+00
1.200000000000000178e+00 1.056376283509136549e+01
1.300000000000000044e+00 1.148132946704068935e+01
1.400000000000000133e+00 1.240761511103124093e+01
1.500000000000000000e+00 1.334320775407046789e+01
1.600000000000000089e+00 1.428867826446956890e+01
1.700000000000000178e+00 1.524457957359066818e+01
1.800000000000000044e+00 1.621144592021160236e+01
1.900000000000000133e+00 1.718979215520825221e+01
2.000000000000000000e+00 1.818011310323077367e+01
2.100000000000000089e+00 1.918288297702405742e+01
2.200000000000000178e+00 2.019855483902254889e+01
2.300000000000000266e+00 2.122756010384285830e+01
2.400000000000000355e+00 2.227030807431100712e+01
2.500000000000000000e+00 2.332718550270262270e+01
2.600000000000000089e+00 2.439855616794984527e+01
2.700000000000000178e+00 2.548476045868524409e+01
2.800000000000000266e+00 2.658611495115703249e+01
2.900000000000000355e+00 2.770291197026656604e+01
3.000000000000000000e+00 2.883541912125641815e+01
3.100000000000000089e+00 2.998387877891985909e+01
3.200000000000000178e+00 3.114850752061717643e+01
3.300000000000000266e+00 3.232949548887778946e+01
3.400000000000000355e+00 3.352700566894493051e+01
3.500000000000000000e+00 3.474117306629006663e+01
3.600000000000000089e+00 3.597210376889345440e+01
3.700000000000000178e+00 3.721987387896321309e+01
3.800000000000000266e+00 3.848452829875587611e+01
3.900000000000000355e+00 3.976607935527421489e+01
4.000000000000000000e+00 4.106450524886307818e+01
4.100000000000000533e+00 4.237974831110805951e+01
4.200000000000000178e+00 4.371171305797552975e+01
4.299999999999999822e+00 4.506026402482294202e+01
4.400000000000000355e+00 4.642522337076555061e+01
4.500000000000000000e+00 4.780636824091715908e+01
4.600000000000000533e+00 4.920342787623589231e+01
4.700000000000000178e+00 5.061608046210758260e+01
4.800000000000000711e+00 5.204394970839577894e+01
4.900000000000000355e+00 5.348660115548108251e+01
5.000000000000000000e+00 5.494353820280704781e+01
5.100000000000000533e+00 5.641419785864388814e+01
5.200000000000000178e+00 5.789794621217446746e+01
5.300000000000000711e+00 5.939407363159121189e+01
5.400000000000000355e+00 6.090178969466320069e+01
5.500000000000000000e+00 6.242021786117465609e+01
5.600000000000000533e+00 6.394838989973676036e+01
5.700000000000000178e+00 6.548524008471488855e+01
5.800000000000000711e+00 6.702959918236911108e+01
5.900000000000000355e+00 6.858018824875161101e+01
6.000000000000000000e+00 7.013561226541077076e+01
6.100000000000000533e+00 7.169435364248161591e+01
6.200000000000000178e+00 7.325476562226069177e+01
6.300000000000000711e+00 7.481506561982666881e+01
6.400000000000000355e+00 7.637332854063386378e+01
6.500000000000000000e+00 7.792748011822615695e+01
6.600000000000000533e+00 7.947529031824552703e+01
6.700000000000000178e+00 8.101436685769226642e+01
6.800000000000000711e+00 8.254214889088176221e+01
6.900000000000000355e+00 8.405590091568603839e+01
7.000000000000000000e+00 8.555270695539603309e+01
7.100000000000000533e+00 8.702946507284597999e+01
7.200000000000000178e+00 8.848288227426012043e+01
7.300000000000000711e+00 8.990946986057085155e+01
7.400000000000000355e+00 9.130553928368300376e+01
7.500000000000000000e+00 9.266719856428782975e+01
7.600000000000000533e+00 9.399034932633908568e+01
7.700000000000000178e+00 9.527068450117694454e+01
7.800000000000000711e+00 9.650368675151064224e+01
7.900000000000000355e+00 9.768462766205108494e+01
8.000000000000000000e+00 9.880856773952640992e+01
8.099999999999999645e+00 9.987035726013573367e+01
8.200000000000001066e+00 1.008646379972263531e+02
8.300000000000000711e+00 1.017858458561556745e+02
8.400000000000000355e+00 1.026282144369654361e+02
8.500000000000000000e+00 1.033857795387116880e+02
8.599999999999999645e+00 1.040523846121218554e+02
8.700000000000001066e+00 1.046216871597620468e+02
8.800000000000000711e+00 1.050871660751746646e+02
8.900000000000000355e+00 1.054421299045721980e+02
9.000000000000000000e+00 1.056797260067392017e+02
9.099999999999999645e+00 1.057929505788934961e+02
9.200000000000001066e+00 1.057746595084869341e+02
9.300000000000000711e+00 1.056175800033798566e+02
9.400000000000000355e+00 1.053143229455995282e+02
9.500000000000000000e+00 1.048573959070830881e+02
9.600000000000001421e+00 1.042392167594993282e+02
9.700000000000001066e+00 1.034521278045241957e+02
9.800000000000000711e+00 1.024884103458899887e+02
9.900000000000000355e+00 1.013402996202038935e+02
1.000000000000000000e+01 1.000000000000000000e+02
