t = 3.730000
x    u(x,t)
0.000000000000000000e+00 0.000000000000000000e+00
1.000000000000000056e-01 6.812627658815565423e-01
2.000000000000000111e-01 1.363351756909983781e+00
3.000000000000000444e-01 2.047090979502821373e+00
4.000000000000000222e-01 2.733300020356899118e+00
5.000000000000000000e-01 3.422791880687662935e+00
6.000000000000000888e-01 4.116370862705916345e+00
7.000000000000000666e-01 4.814830524620380636e+00
8.000000000000000444e-01 5.518951719516567600e+00
9.000000000000000222e-01 6.229500732321163525e+00
1.000000000000000000e+00 6.947227527736213659e+00
1.100000000000000089e+00 7.672864120541050603e+00
1.200000000000000178e+00 8.407123078036944364e+00
1.300000000000000044e+00 9.150696162676037915e+00
1.400000000000000133e+00 9.904253121099397816e+00
1.500000000000000000e+00 1.066844062393672665e+01
1.600000000000000089e+00 1.144388135881956714e+01
1.700000000000000178e+00 1.223117327715674918e+01
1.800000000000000044e+00 1.303088899334067818e+01
1.900000000000000133e+00 1.384357533321779066e+01
2.000000000000000000e+00 1.466975302688682348e+01
2.100000000000000089e+00 1.550991653920149638e+01
2.200000000000000178e+00 1.636453402976344407e+01
2.300000000000000266e+00 1.723404743270803863e+01
2.400000000000000355e+00 1.811887264521645946e+01
2.500000000000000000e+00 1.901939981243625510e+01
2.600000000000000089e+00 1.993599369535934684e+01
2.700000000000000178e+00 2.086899410718850589e+01
2.800000000000000266e+00 2.181871640281476843e+01
2.900000000000000355e+00 2.278545200522024672e+01
3.000000000000000000e+00 2.376946895190424414e+01
3.100000000000000089e+00 2.477101244379208822e+01
3.200000000000000178e+00 2.579030537851435767e+01
3.300000000000000266e+00 2.682754884942518814e+01
3.400000000000000355e+00 2.788292259124938255e+01
3.500000000000000000e+00 2.895658535279817158e+01
3.600000000000000089e+00 3.004867517676164468e+01
3.700000000000000178e+00 3.115930956616437442e+01
3.800000000000000266e+00 3.228858551665566523e+01
3.900000000000000355e+00 3.343657939339293961e+01
4.000000000000000000e+00 3.460334663087184737e+01
4.100000000000000533e+00 3.578892123366270539e+01
4.200000000000000178e+00 3.699331505564379796e+01
4.299999999999999822e+00 3.821651683499177921e+01
4.400000000000000355e+00 3.945849096191975036e+01
4.500000000000000000e+00 4.071917595597031436e+01
4.600000000000000533e+00 4.199848262960372125e+01
4.700000000000000178e+00 4.329629191490516860e+01
4.800000000000000711e+00 4.461245233050949821e+01
4.900000000000000355e+00 4.594677706634661973e+01
5.000000000000000000e+00 4.729904066459331347e+01
5.100000000000000533e+00 4.866897527631953579e+01
5.200000000000000178e+00 5.005626647478963775e+01
5.300000000000000711e+00 5.146054860826344424e+01
5.400000000000000355e+00 5.288139967748390546e+01
5.500000000000000000e+00 5.431833572587517267e+01
5.600000000000000533e+00 5.577080473384280168e+01
5.700000000000000178e+00 5.723818001249249932e+01
5.800000000000000711e+00 5.871975309658394337e+01
5.900000000000000355e+00 6.021472614162107106e+01
6.000000000000000000e+00 6.172220383564533819e+01
6.100000000000000533e+00 6.324118484252754513e+01
6.200000000000000178e+00 6.477055280031716222e+01
6.300000000000000711e+00 6.630906690545675986e+01
6.400000000000000355e+00 6.785535212134313099e+01
6.500000000000000000e+00 6.940788905773587203e+01
6.600000000000000533e+00 7.096500357578230478e+01
6.700000000000000178e+00 7.252485618183396809e+01
6.800000000000000711e+00 7.408543128164659208e+01
6.900000000000000355e+00 7.564452637484176023e+01
7.000000000000000000e+00 7.719974127751082449e+01
7.100000000000000533e+00 7.874846746839747880e+01
7.200000000000000178e+00 8.028787766103417312e+01
7.300000000000000711e+00 8.181491571035671484e+01
7.400000000000000355e+00 8.332628696750420261e+01
7.500000000000000000e+00 8.481844920056232695e+01
7.600000000000000533e+00 8.628760420175979107e+01
7.700000000000000178e+00 8.772969020293459153e+01
7.800000000000000711e+00 8.914037522081319764e+01
7.900000000000000355e+00 9.051505145168017918e+01
8.000000000000000000e+00 9.184883083127151338e+01
8.099999999999999645e+00 9.313654187014179797e+01
8.200000000000001066e+00 9.437272786730881080e+01
8.300000000000000711e+00 9.555164659567485330e+01
8.400000000000000355e+00 9.666727154160858504e+01
8.500000000000000000e+00 9.771329476822438664e+01
8.599999999999999645e+00 9.868313145744137671e+01
8.700000000000001066e+00 9.956992616999563950e+01
8.800000000000000711e+00 1.003665608454121383e+02
8.900000000000000355e+00 1.010656645457440703e+02
9.000000000000000000e+00 1.016596249279105706e+02
9.099999999999999645e+00 1.021406014099945168e+02
9.200000000000001066e+00 1.025005399771974766e+02
9.300000000000000711e+00 1.027311895536084023e+02
9.400000000000000355e+00 1.028241198468463722e+02
9.500000000000000000e+00 1.027707405543128374e+02
9.600000000000001421e+00 1.025623218025517218e+02
9.700000000000001066e+00 1.021900156753722086e+02
9.800000000000000711e+00 1.016448786722226885e+02
9.900000000000000355e+00 1.009178949260738278e+02
1.000000000000000000e+01 1.000000000000000000e+02
