t = 4.950000
x    u(x,t)
0.000000000000000000e+00 0.000000000000000000e+00
1.000000000000000056e-01 8.500809393188590857e-01
2.000000000000000111e-01 1.700878436960357787e+00
3.000000000000000444e-01 2.553107575501857518e+00
4.000000000000000222e-01 3.407480494047937292e+00
5.000000000000000000e-01 4.264704936433378890e+00
6.000000000000000888e-01 5.125482823060282911e+00
7.000000000000000666e-01 5.990508853762239738e+00
8.000000000000000444e-01 6.860469148679269935e+00
9.000000000000000222e-01 7.736039933623904297e+00
1.000000000000000000e+00 8.617886275826569076e+00
1.100000000000000089e+00 9.506660875273444944e+00
1.200000000000000178e+00 1.040300291609871941e+01
1.300000000000000044e+00 1.130753698167372789e+01
1.400000000000000133e+00 1.222087203615487994e+01
1.500000000000000000e+00 1.314360047431977030e+01
1.600000000000000089e+00 1.407629724054444154e+01
1.700000000000000178e+00 1.501951901676310897e+01
1.800000000000000044e+00 1.597380347821411206e+01
1.900000000000000133e+00 1.693966861472031127e+01
2.000000000000000000e+00 1.791761211418764788e+01
2.100000000000000089e+00 1.890811080394045263e+01
2.200000000000000178e+00 1.991162014445361805e+01
2.300000000000000266e+00 2.092857376899878474e+01
2.400000000000000355e+00 2.195938306170001297e+01
2.500000000000000000e+00 2.300443676550262495e+01
2.600000000000000089e+00 2.406410061060208250e+01
2.700000000000000178e+00 2.513871695296513664e+01
2.800000000000000266e+00 2.622860441170933044e+01
2.900000000000000355e+00 2.733405749329349632e+01
3.000000000000000000e+00 2.845534618971963425e+01
3.100000000000000089e+00 2.959271553725825044e+01
3.200000000000000178e+00 3.074638512159341275e+01
3.300000000000000266e+00 3.191654851474450538e+01
3.400000000000000355e+00 3.310337262866607233e+01
3.500000000000000000e+00 3.430699697006173920e+01
3.600000000000000089e+00 3.552753278068018972e+01
3.700000000000000178e+00 3.676506204719723314e+01
3.800000000000000266e+00 3.801963636473737296e+01
3.900000000000000355e+00 3.929127563815747237e+01
4.000000000000000000e+00 4.057996660541542866e+01
4.100000000000000533e+00 4.188566116768486580e+01
4.200000000000000178e+00 4.320827451136466379e+01
4.299999999999999822e+00 4.454768300777703161e+01
4.400000000000000355e+00 4.590372187716109664e+01
4.500000000000000000e+00 4.727618260455984256e+01
4.600000000000000533e+00 4.866481009637435307e+01
4.700000000000000178e+00 5.006929956773002033e+01
4.800000000000000711e+00 5.148929315237208471e+01
4.900000000000000355e+00 5.292437622858597024e+01
5.000000000000000000e+00 5.437407345662904135e+01
5.100000000000000533e+00 5.583784452536141174e+01
5.200000000000000178e+00 5.731507960817939562e+01
5.300000000000000711e+00 5.880509453097697303e+01
5.400000000000000355e+00 6.030712565768534716e+01
5.500000000000000000e+00 6.182032450195626438e+01
5.600000000000000533e+00 6.334375207674784747e+01
5.700000000000000178e+00 6.487637299692370618e+01
5.800000000000000711e+00 6.641704935346520244e+01
5.900000000000000355e+00 6.796453438149600856e+01
6.000000000000000000e+00 6.951746594799739398e+01
6.100000000000000533e+00 7.107435988881556455e+01
6.200000000000000178e+00 7.263360322829109350e+01
6.300000000000000711e+00 7.419344731853114183e+01
6.400000000000000355e+00 7.575200093895070097e+01
6.500000000000000000e+00 7.730722340018196803e+01
6.600000000000000533e+00 7.885691769973601595e+01
6.700000000000000178e+00 8.039872377984818286e+01
6.800000000000000711e+00 8.193011194068920133e+01
6.900000000000000355e+00 8.344837646452660351e+01
7.000000000000000000e+00 8.495062950841874283e+01
7.100000000000000533e+00 8.643379532456523862e+01
7.200000000000000178e+00 8.789460486847366383e+01
7.300000000000000711e+00 8.932959085558448464e+01
7.400000000000000355e+00 9.073508332688669498e+01
7.500000000000000000e+00 9.210720578331742558e+01
7.600000000000000533e+00 9.344187194734125512e+01
7.700000000000000178e+00 9.473478320803133101e+01
7.800000000000000711e+00 9.598142680320842146e+01
7.900000000000000355e+00 9.717707478873452942e+01
8.000000000000000000e+00 9.831678384091250678e+01
8.099999999999999645e+00 9.939539593312660770e+01
8.200000000000001066e+00 1.004075399224013694e+02
8.300000000000000711e+00 1.013476340754932608e+02
8.400000000000000355e+00 1.022098895575111328e+02
8.500000000000000000e+00 1.029883148989455890e+02
8.599999999999999645e+00 1.036767214494430078e+02
8.700000000000001066e+00 1.042687298187615283e+02
8.800000000000000711e+00 1.047577772971823293e+02
8.900000000000000355e+00 1.051371262393072215e+02
9.000000000000000000e+00 1.053998733867542654e+02
9.099999999999999645e+00 1.055389600968643720e+02
9.200000000000001066e+00 1.055471834362594024e+02
9.300000000000000711e+00 1.054172080900493569e+02
9.400000000000000355e+00 1.051415790297779438e+02
9.500000000000000000e+00 1.047127348759211287e+02
9.600000000000001421e+00 1.041230218840124309e+02
9.700000000000001066e+00 1.033647084773486142e+02
9.800000000000000711e+00 1.024300002438182702e+02
9.900000000000000355e+00 1.013110553097633755e+02
1.000000000000000000e+01 1.000000000000000000e+02
