t = 6.730000
x    u(x,t)
0.000000000000000000e+00 0.000000000000000000e+00
1.000000000000000056e-01 1.086711323079791569e+00
2.000000000000000111e-01 2.174029561962140367e+00
3.000000000000000444e-01 3.262560550997976705e+00
4.000000000000000222e-01 4.352907963326281937e+00
5.000000000000000000e-01 5.445672234449776994e+00
6.000000000000000888e-01 6.541449490698553859e+00
7.000000000000000666e-01 7.640830483995467048e+00
8.000000000000000444e-01 8.744399534155007814e+00
9.000000000000000222e-01 9.852733479722804333e+00
1.000000000000000000e+00 1.096640063809817711e+01
1.100000000000000089e+00 1.208595977537960664e+01
1.200000000000000178e+00 1.321195908603538527e+01
1.300000000000000044e+00 1.434493518213263563e+01
1.400000000000000133e+00 1.548541209146030084e+01
1.500000000000000000e+00 1.663390026346014849e+01
1.600000000000000089e+00 1.779089558143797589e+01
1.700000000000000178e+00 1.895687837906961093e+01
1.800000000000000044e+00 2.013231245874816366e+01
1.900000000000000133e+00 2.131764410884404271e+01
2.000000000000000000e+00 2.251330111647430599e+01
2.100000000000000089e+00 2.371969177190677769e+01
2.200000000000000178e+00 2.493720386026317826e+01
2.300000000000000266e+00 2.616620363574011066e+01
2.400000000000000355e+00 2.740703477314195169e+01
2.500000000000000000e+00 2.866001729112199925e+01
2.600000000000000089e+00 2.992544644116309627e+01
2.700000000000000178e+00 3.120359155600190348e+01
2.800000000000000266e+00 3.249469485091815102e+01
2.900000000000000355e+00 3.379897017107635548e+01
3.000000000000000000e+00 3.511660167792938836e+01
3.100000000000000089e+00 3.644774246757480540e+01
3.200000000000000178e+00 3.779251311390193280e+01
3.300000000000000266e+00 3.915100012938561491e+01
3.400000000000000355e+00 4.052325433647364150e+01
3.500000000000000000e+00 4.190928914268662453e+01
3.600000000000000089e+00 4.330907871280231802e+01
3.700000000000000178e+00 4.472255603183563011e+01
3.800000000000000266e+00 4.614961085295446708e+01
3.900000000000000355e+00 4.759008752498935735e+01
4.000000000000000000e+00 4.904378269480724128e+01
4.100000000000000533e+00 5.051044288052334252e+01
4.200000000000000178e+00 5.198976191232376465e+01
4.299999999999999822e+00 5.348137823856090023e+01
4.400000000000000355e+00 5.498487209576488510e+01
4.500000000000000000e+00 5.649976254228418071e+01
4.600000000000000533e+00 5.802550435642209692e+01
4.700000000000000178e+00 5.956148480116975463e+01
4.800000000000000711e+00 6.110702025894589440e+01
4.900000000000000355e+00 6.266135274112948395e+01
5.000000000000000000e+00 6.422364627860838482e+01
5.100000000000000533e+00 6.579298320105483810e+01
5.200000000000000178e+00 6.736836031416787307e+01
5.300000000000000711e+00 6.894868498568229143e+01
5.400000000000000355e+00 7.053277115252070928e+01
5.500000000000000000e+00 7.211933526304855491e+01
5.600000000000000533e+00 7.370699216996560210e+01
5.700000000000000178e+00 7.529425099091805862e+01
5.800000000000000711e+00 7.687951095542750579e+01
5.900000000000000355e+00 7.846105725818891585e+01
6.000000000000000000e+00 8.003705694017683925e+01
6.100000000000000533e+00 8.160555482029550944e+01
6.200000000000000178e+00 8.316446950150232453e+01
6.300000000000000711e+00 8.471158947640569181e+01
6.400000000000000355e+00 8.624456935827092252e+01
6.500000000000000000e+00 8.776092626414865094e+01
6.600000000000000533e+00 8.925803637744937191e+01
6.700000000000000178e+00 9.073313171771579277e+01
6.800000000000000711e+00 9.218329714557268062e+01
6.900000000000000355e+00 9.360546763085639554e+01
7.000000000000000000e+00 9.499642581172686562e+01
7.100000000000000533e+00 9.635279987213871777e+01
7.200000000000000178e+00 9.767106176438807097e+01
7.300000000000000711e+00 9.894752580255061503e+01
7.400000000000000355e+00 1.001783476514858933e+02
7.500000000000000000e+00 1.013595237347003177e+02
7.600000000000000533e+00 1.024868910827396746e+02
7.700000000000000178e+00 1.035561276419281285e+02
7.800000000000000711e+00 1.045627530611903637e+02
7.900000000000000355e+00 1.055021299723990609e+02
8.000000000000000000e+00 1.063694657771930139e+02
8.099999999999999645e+00 1.071598149505291246e+02
8.200000000000001066e+00 1.078680818683816938e+02
8.300000000000000711e+00 1.084890241640044479e+02
8.400000000000000355e+00 1.090172566140505239e+02
8.500000000000000000e+00 1.094472555526231758e+02
8.599999999999999645e+00 1.097733638080375869e+02
8.700000000000001066e+00 1.099897961537342468e+02
8.800000000000000711e+00 1.100906452614298701e+02
8.900000000000000355e+00 1.100698881412512549e+02
9.000000000000000000e+00 1.099213930503016030e+02
9.099999999999999645e+00 1.096389268478883849e+02
9.200000000000001066e+00 1.092161627725283353e+02
9.300000000000000711e+00 1.086466886128659723e+02
9.400000000000000355e+00 1.079240152418301051e+02
9.500000000000000000e+00 1.070415854807320812e+02
9.600000000000001421e+00 1.059927832576090196e+02
9.700000000000001066e+00 1.047709430219576774e+02
9.800000000000000711e+00 1.033693593761124987e+02
9.900000000000000355e+00 1.017812968819130219e+02
1.000000000000000000e+01 1.000000000000000000e+02
