t = 9.540000
x    u(x,t)
0.000000000000000000e+00 0.000000000000000000e+00
1.000000000000000056e-01 1.442492306173206229e+00
2.000000000000000111e-01 2.885440671045233607e+00
3.000000000000000444e-01 4.329300012593368940e+00
4.000000000000000222e-01 5.774522965760553461e+00
5.000000000000000000e-01 7.221558736953815227e+00
6.000000000000000888e-01 8.670851953744191931e+00
7.000000000000000666e-01 1.012284150814046946e+01
8.000000000000000444e-01 1.157795939178589428e+01
9.000000000000000222e-01 1.303662952139920783e+01
1.000000000000000000e+00 1.449926655274995291e+01
1.100000000000000089e+00 1.596627468142369466e+01
1.200000000000000178e+00 1.743804642859668874e+01
1.300000000000000044e+00 1.891496141000317266e+01
1.400000000000000133e+00 2.039738508624252944e+01
1.500000000000000000e+00 2.188566749254029986e+01
1.600000000000000089e+00 2.338014194604732054e+01
1.700000000000000178e+00 2.488112372873672129e+01
1.800000000000000044e+00 2.638890874394157038e+01
1.900000000000000133e+00 2.790377214456701083e+01
2.000000000000000000e+00 2.942596693101267036e+01
2.100000000000000089e+00 3.095572251685534226e+01
2.200000000000000178e+00 3.249324326036917654e+01
2.300000000000000266e+00 3.403870696000481644e+01
2.400000000000000355e+00 3.559226331200870419e+01
2.500000000000000000e+00 3.715403232844347770e+01
2.600000000000000089e+00 3.872410271396975645e+01
2.700000000000000178e+00 4.030253019987045349e+01
2.800000000000000266e+00 4.188933583394299376e+01
2.900000000000000355e+00 4.348450422505162294e+01
3.000000000000000000e+00 4.508798174132496683e+01
3.100000000000000089e+00 4.669967466120148458e+01
3.200000000000000178e+00 4.831944727676900442e+01
3.300000000000000266e+00 4.994711994911487807e+01
3.400000000000000355e+00 5.158246711569883303e+01
3.500000000000000000e+00 5.322521525008345122e+01
3.600000000000000089e+00 5.487504077470438801e+01
3.700000000000000178e+00 5.653156792773584982e+01
3.800000000000000266e+00 5.819436658550292663e+01
3.900000000000000355e+00 5.986295004231171646e+01
4.000000000000000000e+00 6.153677275000803348e+01
4.100000000000000533e+00 6.321522802003482155e+01
4.200000000000000178e+00 6.489764569123488513e+01
4.299999999999999822e+00 6.658328976713549707e+01
4.400000000000000355e+00 6.827135602695447858e+01
4.500000000000000000e+00 6.996096961507824119e+01
4.600000000000000533e+00 7.165118261427947743e+01
4.700000000000000178e+00 7.334097160846081920e+01
4.800000000000000711e+00 7.502923524122834920e+01
4.900000000000000355e+00 7.671479177711108832e+01
5.000000000000000000e+00 7.839637667274490695e+01
5.100000000000000533e+00 8.007264016582809063e+01
5.200000000000000178e+00 8.174214489012764773e+01
5.300000000000000711e+00 8.340336352526306030e+01
5.400000000000000355e+00 8.505467649041750633e+01
5.500000000000000000e+00 8.669436969151618655e+01
5.600000000000000533e+00 8.832063233176842232e+01
5.700000000000000178e+00 8.993155479578499012e+01
5.800000000000000711e+00 9.152512661775388381e+01
5.900000000000000355e+00 9.309923454438229840e+01
6.000000000000000000e+00 9.465166070348374205e+01
6.100000000000000533e+00 9.618008088920574039e+01
6.200000000000000178e+00 9.768206297495198953e+01
6.300000000000000711e+00 9.915506546504781227e+01
6.400000000000000355e+00 1.005964361961299716e+02
6.500000000000000000e+00 1.020034111991058978e+02
6.600000000000000533e+00 1.033731137323246543e+02
6.700000000000000178e+00 1.047025534963276812e+02
6.800000000000000711e+00 1.059886260402031439e+02
6.900000000000000355e+00 1.072281123691523561e+02
7.000000000000000000e+00 1.084176787623907217e+02
7.100000000000000533e+00 1.095538768099483349e+02
7.200000000000000178e+00 1.106331436763112777e+02
7.300000000000000711e+00 1.116518025981506383e+02
7.400000000000000355e+00 1.126060636226307423e+02
7.500000000000000000e+00 1.134920245919685584e+02
7.600000000000000533e+00 1.143056723790397768e+02
7.700000000000000178e+00 1.150428843778972805e+02
7.800000000000000711e+00 1.156994302520867421e+02
7.900000000000000355e+00 1.162709739426213531e+02
8.000000000000000000e+00 1.167530759364143478e+02
8.099999999999999645e+00 1.171411957948735107e+02
8.200000000000001066e+00 1.174306949412405459e+02
8.300000000000000711e+00 1.176168397041181066e+02
8.400000000000000355e+00 1.176948046134740196e+02
8.500000000000000000e+00 1.176596759442547580e+02
8.599999999999999645e+00 1.175064555015853784e+02
8.700000000000001066e+00 1.172300646403871554e+02
8.800000000000000711e+00 1.168253485111177383e+02
8.900000000000000355e+00 1.162870805222349446e+02
9.000000000000000000e+00 1.156099670089177636e+02
9.099999999999999645e+00 1.147886520965476649e+02
9.200000000000001066e+00 1.138177227464735068e+02
9.300000000000000711e+00 1.126917139706547601e+02
9.400000000000000355e+00 1.114051142009137152e+02
9.500000000000000000e+00 1.099523707977276672e+02
9.600000000000001421e+00 1.083278956827678456e+02
9.700000000000001066e+00 1.065260710787448204e+02
9.800000000000000711e+00 1.045412553395566562e+02
9.900000000000000355e+00 1.023677888532601514e+02
1.000000000000000000e+01 1.000000000000000000e+02
