t = 9.060000
x    u(x,t)
0.000000000000000000e+00 0.000000000000000000e+00
1.000000000000000056e-01 1.383224148974911749e+00
2.000000000000000111e-01 2.766931295175061756e+00
3.000000000000000444e-01 4.151603331122951879e+00
4.000000000000000222e-01 5.537719938544443110e+00
5.000000000000000000e-01 6.925757479481879919e+00
6.000000000000000888e-01 8.316187883191323849e+00
7.000000000000000666e-01 9.709477527369868355e+00
8.000000000000000444e-01 1.110608611221847397e+01
9.000000000000000222e-01 1.250646552579647874e+01
1.000000000000000000e+00 1.391105869906717452e+01
1.100000000000000089e+00 1.532029844897059512e+01
1.200000000000000178e+00 1.673460630779097968e+01
1.300000000000000044e+00 1.815439133701458729e+01
1.400000000000000133e+00 1.958004892379919681e+01
1.500000000000000000e+00 2.101195955810236171e+01
1.600000000000000089e+00 2.245048758844312431e+01
1.700000000000000178e+00 2.389597995420240650e+01
1.800000000000000044e+00 2.534876489230466845e+01
1.900000000000000133e+00 2.680915061606766514e+01
2.000000000000000000e+00 2.827742396396204327e+01
2.100000000000000089e+00 2.975384901598979326e+01
2.200000000000000178e+00 3.123866567537163874e+01
2.300000000000000266e+00 3.273208821323240159e+01
2.400000000000000355e+00 3.423430377398977953e+01
2.500000000000000000e+00 3.574547083919062374e+01
2.600000000000000089e+00 3.726571764759944472e+01
2.700000000000000178e+00 3.879514056942969091e+01
2.800000000000000266e+00 4.033380243272106469e+01
2.900000000000000355e+00 4.188173080000581194e+01
3.000000000000000000e+00 4.343891619357759026e+01
3.100000000000000089e+00 4.500531026787668765e+01
3.200000000000000178e+00 4.658082392773771119e+01
3.300000000000000266e+00 4.816532539151061343e+01
3.400000000000000355e+00 4.975863819836268931e+01
3.500000000000000000e+00 5.136053915939991299e+01
3.600000000000000089e+00 5.297075625260836063e+01
3.700000000000000178e+00 5.458896646201167613e+01
3.800000000000000266e+00 5.621479356186732446e+01
3.900000000000000355e+00 5.784780584718014040e+01
4.000000000000000000e+00 5.948751381229777735e+01
4.100000000000000533e+00 6.113336777986405224e+01
4.200000000000000178e+00 6.278475548294354525e+01
4.299999999999999822e+00 6.444099960368885149e+01
4.400000000000000355e+00 6.610135527249931897e+01
4.500000000000000000e+00 6.776500753221412765e+01
4.600000000000000533e+00 6.943106877248763453e+01
4.700000000000000178e+00 7.109857614010812199e+01
4.800000000000000711e+00 7.276648893163978471e+01
4.900000000000000355e+00 7.443368597538353981e+01
5.000000000000000000e+00 7.609896301026532228e+01
5.100000000000000533e+00 7.776103006986134858e+01
5.200000000000000178e+00 7.941850888035624223e+01
5.300000000000000711e+00 8.106993028179607563e+01
5.400000000000000355e+00 8.271373168253722952e+01
5.500000000000000000e+00 8.434825455730107535e+01
5.600000000000000533e+00 8.597174199971529163e+01
5.700000000000000178e+00 8.758233634065253170e+01
5.800000000000000711e+00 8.917807684405791235e+01
5.900000000000000355e+00 9.075689749228672554e+01
6.000000000000000000e+00 9.231662487324418009e+01
6.100000000000000533e+00 9.385497618182817803e+01
6.200000000000000178e+00 9.536955734831835230e+01
6.300000000000000711e+00 9.685786130642524938e+01
6.400000000000000355e+00 9.831726641370991615e+01
6.500000000000000000e+00 9.974503503700331919e+01
6.600000000000000533e+00 1.011383123152924384e+02
6.700000000000000178e+00 1.024941251122961177e+02
6.800000000000000711e+00 1.038093811706236096e+02
6.900000000000000355e+00 1.050808684789959102e+02
7.000000000000000000e+00 1.063052548635091483e+02
7.100000000000000533e+00 1.074790878133343455e+02
7.200000000000000178e+00 1.085987945505797825e+02
7.300000000000000711e+00 1.096606823532884647e+02
7.400000000000000355e+00 1.106609391397137898e+02
7.500000000000000000e+00 1.115956343211066013e+02
7.600000000000000533e+00 1.124607199292660056e+02
7.700000000000000178e+00 1.132520320240579252e+02
7.800000000000000711e+00 1.139652923849912867e+02
7.900000000000000355e+00 1.145961104897743894e+02
8.000000000000000000e+00 1.151399857815525678e+02
8.099999999999999645e+00 1.155923102252664307e+02
8.200000000000001066e+00 1.159483711522704539e+02
8.300000000000000711e+00 1.162033543910263091e+02
8.400000000000000355e+00 1.163523476803387524e+02
8.500000000000000000e+00 1.163903443602470560e+02
8.599999999999999645e+00 1.163122473343280916e+02
8.700000000000001066e+00 1.161128732958184884e+02
8.800000000000000711e+00 1.157869572086322023e+02
8.900000000000000355e+00 1.153291570330456040e+02
9.000000000000000000e+00 1.147340586845543697e+02
9.099999999999999645e+00 1.139961812131843857e+02
9.200000000000001066e+00 1.131099821893703705e+02
9.300000000000000711e+00 1.120698632814124380e+02
9.400000000000000355e+00 1.108701760084858421e+02
9.500000000000000000e+00 1.095052276522269636e+02
9.600000000000001421e+00 1.079692873090493634e+02
9.700000000000001066e+00 1.062565920645711799e+02
9.800000000000000711e+00 1.043613532708577623e+02
9.900000000000000355e+00 1.022777629066142993e+02
1.000000000000000000e+01 1.000000000000000000e+02
