t = 6.840000
x    u(x,t)
0.000000000000000000e+00 0.000000000000000000e+00
1.000000000000000056e-01 1.101032556672230989e+00
2.000000000000000111e-01 2.202666106121985212e+00
3.000000000000000444e-01 3.305500568264023720e+00
4.000000000000000222e-01 4.410133718729170482e+00
5.000000000000000000e-01 5.517160120282033731e+00
6.000000000000000888e-01 6.627170058386737672e+00
7.000000000000000666e-01 7.740748482098620542e+00
8.000000000000000444e-01 8.858473951286818249e+00
9.000000000000000222e-01 9.980917590979386134e+00
1.000000000000000000e+00 1.110864205337134969e+01
1.100000000000000089e+00 1.224220048774888170e+01
1.200000000000000178e+00 1.338213551826269487e+01
1.300000000000000044e+00 1.452897822913383052e+01
1.400000000000000133e+00 1.568324715649843171e+01
1.500000000000000000e+00 1.684544728569921190e+01
1.600000000000000089e+00 1.801606905241352052e+01
1.700000000000000178e+00 1.919558734557582014e+01
1.800000000000000044e+00 2.038446050961096034e+01
1.900000000000000133e+00 2.158312934304756325e+01
2.000000000000000000e+00 2.279201609013453478e+01
2.100000000000000089e+00 2.401152342164228770e+01
2.200000000000000178e+00 2.524203340059897727e+01
2.300000000000000266e+00 2.648390642829758335e+01
2.400000000000000355e+00 2.773748016551553874e+01
2.500000000000000000e+00 2.900306842352200931e+01
2.600000000000000089e+00 3.028096001911365320e+01
2.700000000000000178e+00 3.157141758762334049e+01
2.800000000000000266e+00 3.287467634759348556e+01
2.900000000000000355e+00 3.419094281060129958e+01
3.000000000000000000e+00 3.552039342957345269e+01
3.100000000000000089e+00 3.686317317883656131e+01
3.200000000000000178e+00 3.821939405912270615e+01
3.300000000000000266e+00 3.958913352079108705e+01
3.400000000000000355e+00 4.097243279864036936e+01
3.500000000000000000e+00 4.236929515187731710e+01
3.600000000000000089e+00 4.377968400307808139e+01
3.700000000000000178e+00 4.520352097033203620e+01
3.800000000000000266e+00 4.664068378719762364e+01
3.900000000000000355e+00 4.809100410562535899e+01
4.000000000000000000e+00 4.955426517761880945e+01
4.100000000000000533e+00 5.103019941210794741e+01
4.200000000000000178e+00 5.251848580430213786e+01
4.299999999999999822e+00 5.401874723567044612e+01
4.400000000000000355e+00 5.553054764366294194e+01
4.500000000000000000e+00 5.705338906133619759e+01
4.600000000000000533e+00 5.858670852817468955e+01
4.700000000000000178e+00 6.012987487460235059e+01
4.800000000000000711e+00 6.168218538395081652e+01
4.900000000000000355e+00 6.324286233698433790e+01
5.000000000000000000e+00 6.481104944546972035e+01
5.100000000000000533e+00 6.638580818271270800e+01
5.200000000000000178e+00 6.796611402045185457e+01
5.300000000000000711e+00 6.955085258299483542e+01
5.400000000000000355e+00 7.113881573098869637e+01
5.500000000000000000e+00 7.272869758872438695e+01
5.600000000000000533e+00 7.431909053036903856e+01
5.700000000000000178e+00 7.590848114198900021e+01
5.800000000000000711e+00 7.749524617765109724e+01
5.900000000000000355e+00 7.907764852925943444e+01
6.000000000000000000e+00 8.065383323108112279e+01
6.100000000000000533e+00 8.222182352112264425e+01
6.200000000000000178e+00 8.377951698262245372e+01
6.300000000000000711e+00 8.532468178990912122e+01
6.400000000000000355e+00 8.685495308372362899e+01
6.500000000000000000e+00 8.836782950180295870e+01
6.600000000000000533e+00 8.986066989105604819e+01
6.700000000000000178e+00 9.133069022802139614e+01
6.800000000000000711e+00 9.277496077446124900e+01
6.900000000000000355e+00 9.419040349491559994e+01
7.000000000000000000e+00 9.557378976279527194e+01
7.100000000000000533e+00 9.692173838113326667e+01
7.200000000000000178e+00 9.823071394343095619e+01
7.300000000000000711e+00 9.949702555912332969e+01
7.400000000000000355e+00 1.007168259670505108e+02
7.500000000000000000e+00 1.018861110589547962e+02
7.600000000000000533e+00 1.030007198334311056e+02
7.700000000000000178e+00 1.040563347989483702e+02
7.800000000000000711e+00 1.050484828425364725e+02
7.900000000000000355e+00 1.059725365785108409e+02
8.000000000000000000e+00 1.068237161891949114e+02
8.099999999999999645e+00 1.075970917670172327e+02
8.200000000000001066e+00 1.082875861646204356e+02
8.300000000000000711e+00 1.088899783567443791e+02
8.400000000000000355e+00 1.093989073146568956e+02
8.500000000000000000e+00 1.098088763908263843e+02
8.599999999999999645e+00 1.101142582083862607e+02
8.700000000000001066e+00 1.103093000467578264e+02
8.800000000000000711e+00 1.103881297116033124e+02
8.900000000000000355e+00 1.103447618741033125e+02
9.000000000000000000e+00 1.101731048614203274e+02
9.099999999999999645e+00 1.098669678771525895e+02
9.200000000000001066e+00 1.094200686276274439e+02
9.300000000000000711e+00 1.088260413270603664e+02
9.400000000000000355e+00 1.080784450519392834e+02
9.500000000000000000e+00 1.071707724125138270e+02
9.600000000000001421e+00 1.060964585069964699e+02
9.700000000000001066e+00 1.048488901220403449e+02
9.800000000000000711e+00 1.034214151412697476e+02
9.900000000000000355e+00 1.018073521221190560e+02
1.000000000000000000e+01 1.000000000000000000e+02
