t = 2.510000
x    u(x,t)
0.000000000000000000e+00 0.000000000000000000e+00
1.000000000000000056e-01 5.039015202876168109e-01
2.000000000000000111e-01 1.008810277532434574e+00
3.000000000000000444e-01 1.515729491856413702e+00
4.000000000000000222e-01 2.025654397829403042e+00
5.000000000000000000e-01 2.539568371026831084e+00
6.000000000000000888e-01 3.058439195120773668e+00
7.000000000000000666e-01 3.583215511983480539e+00
8.000000000000000444e-01 4.114823493697462808e+00
9.000000000000000222e-01 4.654163771074133038e+00
1.000000000000000000e+00 5.202108648400075808e+00
1.100000000000000089e+00 5.759499628786094227e+00
1.200000000000000178e+00 6.327145268828415325e+00
1.300000000000000044e+00 6.905819375447913799e+00
1.400000000000000133e+00 7.496259551895342987e+00
1.500000000000000000e+00 8.099166094137864036e+00
1.600000000000000089e+00 8.715201233304695094e+00
1.700000000000000178e+00 9.344988714685017683e+00
1.800000000000000044e+00 9.989113699041793026e+00
1.900000000000000133e+00 1.064812296781381917e+01
2.000000000000000000e+00 1.132252541018985248e+01
2.100000000000000089e+00 1.201279276709549393e+01
2.200000000000000178e+00 1.271936060485772302e+01
2.300000000000000266e+00 1.344262948970593463e+01
2.400000000000000355e+00 1.418296633331338263e+01
2.500000000000000000e+00 1.494070587924533910e+01
2.600000000000000089e+00 1.571615230040862699e+01
2.700000000000000178e+00 1.650958087832926680e+01
2.800000000000000266e+00 1.732123973624733182e+01
2.900000000000000355e+00 1.815135159952978938e+01
3.000000000000000000e+00 1.900011555867884994e+01
3.100000000000000089e+00 1.986770881216715878e+01
3.200000000000000178e+00 2.075428836837528479e+01
3.300000000000000266e+00 2.165999268795736299e+01
3.400000000000000355e+00 2.258494324993549185e+01
3.500000000000000000e+00 2.352924602664970521e+01
3.600000000000000089e+00 2.449299285429782813e+01
3.700000000000000178e+00 2.547626268712835085e+01
3.800000000000000266e+00 2.647912272434711767e+01
3.900000000000000355e+00 2.750162939941899154e+01
4.000000000000000000e+00 2.854382922165492076e+01
4.100000000000000533e+00 2.960575945974334289e+01
4.200000000000000178e+00 3.068744865619582285e+01
4.299999999999999822e+00 3.178891696051878668e+01
4.400000000000000355e+00 3.291017626729667001e+01
4.500000000000000000e+00 3.405123014328564324e+01
4.600000000000000533e+00 3.521207352508962174e+01
4.700000000000000178e+00 3.639269216605305246e+01
4.800000000000000711e+00 3.759306180769917916e+01
4.900000000000000355e+00 3.881314704742483457e+01
5.000000000000000000e+00 4.005289987030237597e+01
5.100000000000000533e+00 4.131225780882250120e+01
5.200000000000000178e+00 4.259114169034169350e+01
5.300000000000000711e+00 4.388945292799461129e+01
5.400000000000000355e+00 4.520707030703533036e+01
5.500000000000000000e+00 4.654384621513913345e+01
5.600000000000000533e+00 4.789960226230532925e+01
5.700000000000000178e+00 4.927412423384377149e+01
5.800000000000000711e+00 5.066715631871016257e+01
5.900000000000000355e+00 5.207839455539632212e+01
6.000000000000000000e+00 5.350747943890493730e+01
6.100000000000000533e+00 5.495398763526806363e+01
6.200000000000000178e+00 5.641742275482192781e+01
6.300000000000000711e+00 5.789720514222849346e+01
6.400000000000000355e+00 5.939266065021369201e+01
6.500000000000000000e+00 6.090300837531489009e+01
6.600000000000000533e+00 6.242734734769031490e+01
6.700000000000000178e+00 6.396464218328044637e+01
6.800000000000000711e+00 6.551370772529584485e+01
6.900000000000000355e+00 6.707319272303092816e+01
7.000000000000000000e+00 6.864156261917682400e+01
7.100000000000000533e+00 7.021708154184369732e+01
7.200000000000000178e+00 7.179779362402327081e+01
7.300000000000000711e+00 7.338150380074741008e+01
7.400000000000000355e+00 7.496575826215739369e+01
7.500000000000000000e+00 7.654782476843172390e+01
7.600000000000000533e+00 7.812467305929244787e+01
7.700000000000000178e+00 7.969295561582576681e+01
7.800000000000000711e+00 8.124898905477282085e+01
7.900000000000000355e+00 8.278873645441889551e+01
8.000000000000000000e+00 8.430779092588447554e+01
8.099999999999999645e+00 8.580136075319359179e+01
8.200000000000001066e+00 8.726425642922497161e+01
8.300000000000000711e+00 8.869087991190095011e+01
8.400000000000000355e+00 9.007521641523420897e+01
8.500000000000000000e+00 9.141082903278298488e+01
8.599999999999999645e+00 9.269085646650728449e+01
8.700000000000001066e+00 9.390801410201051169e+01
8.800000000000000711e+00 9.505459863196099946e+01
8.900000000000000355e+00 9.612249638360619031e+01
9.000000000000000000e+00 9.710319545443412892e+01
9.099999999999999645e+00 9.798780170313665394e+01
9.200000000000001066e+00 9.876705858221426126e+01
9.300000000000000711e+00 9.943137073513652524e+01
9.400000000000000355e+00 9.997083121637298575e+01
9.500000000000000000e+00 1.003752521283711019e+02
9.600000000000001421e+00 1.006341984072670783e+02
9.700000000000001066e+00 1.007370244303547793e+02
9.800000000000000711e+00 1.006729130646430121e+02
9.900000000000000355e+00 1.004309167286302227e+02
1.000000000000000000e+01 1.000000000000000000e+02
