t = 6.960000
x    u(x,t)
0.000000000000000000e+00 0.000000000000000000e+00
1.000000000000000056e-01 1.116618719032720142e+00
2.000000000000000111e-01 2.233832018627537330e+00
3.000000000000000444e-01 3.352233414330062278e+00
4.000000000000000222e-01 4.472414292836366378e+00
5.000000000000000000e-01 5.594962850484942685e+00
6.000000000000000888e-01 6.720463035131977847e+00
7.000000000000000666e-01 7.849493492344270074e+00
8.000000000000000444e-01 8.982626516680793927e+00
9.000000000000000222e-01 1.012042700863250921e+01
1.000000000000000000e+00 1.126345143755293421e+01
1.100000000000000089e+00 1.241224681064114677e+01
1.200000000000000178e+00 1.356734964773708185e+01
1.300000000000000044e+00 1.472928496135949672e+01
1.400000000000000133e+00 1.589856524106249225e+01
1.500000000000000000e+00 1.707568944081155848e+01
1.600000000000000089e+00 1.826114196768774889e+01
1.700000000000000178e+00 1.945539166982354473e+01
1.800000000000000044e+00 2.065889082106061636e+01
1.900000000000000133e+00 2.187207409940226910e+01
2.000000000000000000e+00 2.309535755591721440e+01
2.100000000000000089e+00 2.432913757034121360e+01
2.200000000000000178e+00 2.557378978922370294e+01
2.300000000000000266e+00 2.682966804208427902e+01
2.400000000000000355e+00 2.809710323068232540e+01
2.500000000000000000e+00 2.937640218616921928e+01
2.600000000000000089e+00 3.066784648859055906e+01
2.700000000000000178e+00 3.197169124294159204e+01
2.800000000000000266e+00 3.328816380575789680e+01
2.900000000000000355e+00 3.461746245604911110e+01
3.000000000000000000e+00 3.595975500426389715e+01
3.100000000000000089e+00 3.731517733291051542e+01
3.200000000000000178e+00 3.868383186245753791e+01
3.300000000000000266e+00 4.006578593620476880e+01
3.400000000000000355e+00 4.146107011795066200e+01
3.500000000000000000e+00 4.286967639649331829e+01
3.600000000000000089e+00 4.429155629128933924e+01
3.700000000000000178e+00 4.572661885396226467e+01
3.800000000000000266e+00 4.717472856080184584e+01
3.900000000000000355e+00 4.863570309192765961e+01
4.000000000000000000e+00 5.010931099340768213e+01
4.100000000000000533e+00 5.159526921932435073e+01
4.200000000000000178e+00 5.309324055156567113e+01
4.299999999999999822e+00 5.460283089598770800e+01
4.400000000000000355e+00 5.612358645454258266e+01
4.500000000000000000e+00 5.765499077399326922e+01
4.600000000000000533e+00 5.919646167293534944e+01
4.700000000000000178e+00 6.074734805001460813e+01
4.800000000000000711e+00 6.230692657746033802e+01
4.900000000000000355e+00 6.387439828534149200e+01
5.000000000000000000e+00 6.544888504328869772e+01
5.100000000000000533e+00 6.702942594779963770e+01
5.200000000000000178e+00 6.861497362465142658e+01
5.300000000000000711e+00 7.020439045736765138e+01
5.400000000000000355e+00 7.179644475412091253e+01
5.500000000000000000e+00 7.338980686688064736e+01
5.600000000000000533e+00 7.498304527802746122e+01
5.700000000000000178e+00 7.657462267103731790e+01
5.800000000000000711e+00 7.816289200317579855e+01
5.900000000000000355e+00 7.974609259942062067e+01
6.000000000000000000e+00 8.132234628803573173e+01
6.100000000000000533e+00 8.288965359933601462e+01
6.200000000000000178e+00 8.444589005019592776e+01
6.300000000000000711e+00 8.598880253774888160e+01
6.400000000000000355e+00 8.751600586648888225e+01
6.500000000000000000e+00 8.902497943360275201e+01
6.600000000000000533e+00 9.051306409781973628e+01
6.700000000000000178e+00 9.197745925735333117e+01
6.800000000000000711e+00 9.341522016261571082e+01
6.900000000000000355e+00 9.482325548929934200e+01
7.000000000000000000e+00 9.619832519713517627e+01
7.100000000000000533e+00 9.753703869914377833e+01
7.200000000000000178e+00 9.883585336549332112e+01
7.300000000000000711e+00 1.000910733851594472e+02
7.400000000000000355e+00 1.012988490074489931e+02
7.500000000000000000e+00 1.024551761841030384e+02
7.600000000000000533e+00 1.035558966311349280e+02
7.700000000000000178e+00 1.045966983277978670e+02
7.800000000000000711e+00 1.055731164681145344e+02
7.900000000000000355e+00 1.064805348782554830e+02
8.000000000000000000e+00 1.073141879107306806e+02
8.099999999999999645e+00 1.080691628238779884e+02
8.200000000000001066e+00 1.087404026525079814e+02
8.300000000000000711e+00 1.093227095728163221e+02
8.400000000000000355e+00 1.098107487618237741e+02
8.500000000000000000e+00 1.101990527486691605e+02
8.599999999999999645e+00 1.104820262520916998e+02
8.700000000000001066e+00 1.106539514954143755e+02
8.800000000000000711e+00 1.107089939873093130e+02
8.900000000000000355e+00 1.106412087536144639e+02
9.000000000000000000e+00 1.104445470025066101e+02
9.099999999999999645e+00 1.101128632024419005e+02
9.200000000000001066e+00 1.096399225494846235e+02
9.300000000000000711e+00 1.090194087979767801e+02
9.400000000000000355e+00 1.082449324259861640e+02
9.500000000000000000e+00 1.073100391046307607e+02
9.600000000000001421e+00 1.062082184382345247e+02
9.700000000000001066e+00 1.049329129403462844e+02
9.800000000000000711e+00 1.034775272089679419e+02
9.900000000000000355e+00 1.018354372629061402e+02
1.000000000000000000e+01 1.000000000000000000e+02
