t = 3.700000
x    u(x,t)
0.000000000000000000e+00 0.000000000000000000e+00
1.000000000000000056e-01 6.770212020085947247e-01
2.000000000000000111e-01 1.354871975098755232e+00
3.000000000000000444e-01 2.034379644768758322e+00
4.000000000000000222e-01 2.716367063460456421e+00
5.000000000000000000e-01 3.401650419054602192e+00
6.000000000000000888e-01 4.091037096693783681e+00
7.000000000000000666e-01 4.785323610554569562e+00
8.000000000000000444e-01 5.485293621227655514e+00
9.000000000000000222e-01 6.191716053193601965e+00
1.000000000000000000e+00 6.905343325522680153e+00
1.100000000000000089e+00 7.626909707403492611e+00
1.200000000000000178e+00 8.357129808441952079e+00
1.300000000000000044e+00 9.096697211897387447e+00
1.400000000000000133e+00 9.846283257163729985e+00
1.500000000000000000e+00 1.060653597589007902e+01
1.600000000000000089e+00 1.137807918419407827e+01
1.700000000000000178e+00 1.216151173148092113e+01
1.800000000000000044e+00 1.295740690446616306e+01
1.900000000000000133e+00 1.376631198313460658e+01
2.000000000000000000e+00 1.458874794357182658e+01
2.100000000000000089e+00 1.542520930089659181e+01
2.200000000000000178e+00 1.627616408391569180e+01
2.300000000000000266e+00 1.714205393162891866e+01
2.400000000000000355e+00 1.802329430033730873e+01
2.500000000000000000e+00 1.892027476885652248e+01
2.600000000000000089e+00 1.983335942820867359e+01
2.700000000000000178e+00 2.076288734115720302e+01
2.800000000000000266e+00 2.170917305605357583e+01
2.900000000000000355e+00 2.267250715867283617e+01
3.000000000000000000e+00 2.365315684501648619e+01
3.100000000000000089e+00 2.465136649744291120e+01
3.200000000000000178e+00 2.566735824593355275e+01
3.300000000000000266e+00 2.670133249580424106e+01
3.400000000000000355e+00 2.775346840271010862e+01
3.500000000000000000e+00 2.882392427535870993e+01
3.600000000000000089e+00 2.991283788592637904e+01
3.700000000000000178e+00 3.102032666775964742e+01
3.800000000000000266e+00 3.214648777953115655e+01
3.900000000000000355e+00 3.329139801460392789e+01
4.000000000000000000e+00 3.445511353394331167e+01
4.100000000000000533e+00 3.563766940050545173e+01
4.200000000000000178e+00 3.683907889263858948e+01
4.299999999999999822e+00 3.805933257367142630e+01
4.400000000000000355e+00 3.929839709455508512e+01
4.500000000000000000e+00 4.055621370619555677e+01
4.600000000000000533e+00 4.183269645799396130e+01
4.700000000000000178e+00 4.312773005913738444e+01
4.800000000000000711e+00 4.444116737939346251e+01
4.900000000000000355e+00 4.577282656659975402e+01
5.000000000000000000e+00 4.712248775875102069e+01
5.100000000000000533e+00 4.848988936961970353e+01
5.200000000000000178e+00 4.987472392824773237e+01
5.300000000000000711e+00 5.127663345446590171e+01
5.400000000000000355e+00 5.269520435487829246e+01
5.500000000000000000e+00 5.412996182653373722e+01
5.600000000000000533e+00 5.558036375883159508e+01
5.700000000000000178e+00 5.704579412810429773e+01
5.800000000000000711e+00 5.852555588380563023e+01
5.900000000000000355e+00 6.001886333032140897e+01
6.000000000000000000e+00 6.152483401410862029e+01
6.100000000000000533e+00 6.304248013214311896e+01
6.200000000000000178e+00 6.457069948448837238e+01
6.300000000000000711e+00 6.610826600113961149e+01
6.400000000000000355e+00 6.765381988109039924e+01
6.500000000000000000e+00 6.920585738973190360e+01
6.600000000000000533e+00 7.076272036913140084e+01
6.700000000000000178e+00 7.232258552433548005e+01
6.800000000000000711e+00 7.388345355747324561e+01
6.900000000000000355e+00 7.544313822995326291e+01
7.000000000000000000e+00 7.699925544129776256e+01
7.100000000000000533e+00 7.854921242097174172e+01
7.200000000000000178e+00 8.009019713676777030e+01
7.300000000000000711e+00 8.161916802972078244e+01
7.400000000000000355e+00 8.313284419097018940e+01
7.500000000000000000e+00 8.462769610028442457e+01
7.600000000000000533e+00 8.609993704894418443e+01
7.700000000000000178e+00 8.754551537119159832e+01
7.800000000000000711e+00 8.896010760835164888e+01
7.900000000000000355e+00 9.033911272790093960e+01
8.000000000000000000e+00 9.167764751610636154e+01
8.099999999999999645e+00 9.297054325731525637e+01
8.200000000000001066e+00 9.421234380552267851e+01
8.300000000000000711e+00 9.539730514447167309e+01
8.400000000000000355e+00 9.651939652130322145e+01
8.500000000000000000e+00 9.757230322574578452e+01
8.599999999999999645e+00 9.854943107214099030e+01
8.700000000000001066e+00 9.944391262540094090e+01
8.800000000000000711e+00 1.002486151944824257e+02
8.900000000000000355e+00 1.009561505983753733e+02
9.000000000000000000e+00 1.015588866901997847e+02
9.099999999999999645e+00 1.020489606050764166e+02
9.200000000000001066e+00 1.024182936772929509e+02
9.300000000000000711e+00 1.026586079522544566e+02
9.400000000000000355e+00 1.027614441991168377e+02
9.500000000000000000e+00 1.027181813111930637e+02
9.600000000000001421e+00 1.025200569635206733e+02
9.700000000000001066e+00 1.021581893807011880e+02
9.800000000000000711e+00 1.016236000535630950e+02
9.900000000000000355e+00 1.009072372306274303e+02
1.000000000000000000e+01 1.000000000000000000e+02
