t = 8.520000
x    u(x,t)
0.000000000000000000e+00 0.000000000000000000e+00
1.000000000000000056e-01 1.315787274526400319e+00
2.000000000000000111e-01 2.632086908132963643e+00
3.000000000000000444e-01 3.949410188209267591e+00
4.000000000000000222e-01 5.268266257739266933e+00
5.000000000000000000e-01 6.589161040520610690e+00
6.000000000000000888e-01 7.912596163243811098e+00
7.000000000000000666e-01 9.239067873307540424e+00
8.000000000000000444e-01 1.056906595118173264e+01
9.000000000000000222e-01 1.190307261605133071e+01
1.000000000000000000e+00 1.324156142338159725e+01
1.100000000000000089e+00 1.458499615294245899e+01
1.200000000000000178e+00 1.593382968571553349e+01
1.300000000000000044e+00 1.728850286798617830e+01
1.400000000000000133e+00 1.864944336079471299e+01
1.500000000000000000e+00 2.001706447278956347e+01
1.600000000000000089e+00 2.139176397439182864e+01
1.700000000000000178e+00 2.277392289104828293e+01
1.800000000000000044e+00 2.416390427322161472e+01
1.900000000000000133e+00 2.556205194064402164e+01
2.000000000000000000e+00 2.696868919824710886e+01
2.100000000000000089e+00 2.838411752108008557e+01
2.200000000000000178e+00 2.980861520544129917e+01
2.300000000000000266e+00 3.124243598337982064e+01
2.400000000000000355e+00 3.268580759767525734e+01
2.500000000000000000e+00 3.413893033437903313e+01
2.600000000000000089e+00 3.560197551000167948e+01
2.700000000000000178e+00 3.707508391045980289e+01
2.800000000000000266e+00 3.855836417895797297e+01
2.900000000000000355e+00 4.005189115007367917e+01
3.000000000000000000e+00 4.155570412744388875e+01
3.100000000000000089e+00 4.306980510261796979e+01
3.200000000000000178e+00 4.459415691284719685e+01
3.300000000000000266e+00 4.612868133582755803e+01
3.400000000000000355e+00 4.767325711969833435e+01
3.500000000000000000e+00 4.922771794692875602e+01
3.600000000000000089e+00 5.079185033109536818e+01
3.700000000000000178e+00 5.236539144596591910e+01
3.800000000000000266e+00 5.394802688676077196e+01
3.900000000000000355e+00 5.553938836395717260e+01
4.000000000000000000e+00 5.713905133053757623e+01
4.100000000000000533e+00 5.874653254415506609e+01
4.200000000000000178e+00 6.036128756629731384e+01
4.299999999999999822e+00 6.198270820117090807e+01
4.400000000000000355e+00 6.361011987769810361e+01
4.500000000000000000e+00 6.524277897871506582e+01
4.600000000000000533e+00 6.687987012217877236e+01
4.700000000000000178e+00 6.852050339992587169e+01
4.800000000000000711e+00 7.016371158027592969e+01
4.900000000000000355e+00 7.180844728152766265e+01
5.000000000000000000e+00 7.345358012415567828e+01
5.100000000000000533e+00 7.509789387026863494e+01
5.200000000000000178e+00 7.674008355963520955e+01
5.300000000000000711e+00 7.837875265231019739e+01
5.400000000000000355e+00 8.001241018859876419e+01
5.500000000000000000e+00 8.163946797776968367e+01
5.600000000000000533e+00 8.325823782756566516e+01
5.700000000000000178e+00 8.486692882715213671e+01
5.800000000000000711e+00 8.646364469668775143e+01
5.900000000000000355e+00 8.804638121718403454e+01
6.000000000000000000e+00 8.961302375474215864e+01
6.100000000000000533e+00 9.116134489360415216e+01
6.200000000000000178e+00 9.268900219272828167e+01
6.300000000000000711e+00 9.419353608078914419e+01
6.400000000000000355e+00 9.567236790460498241e+01
6.500000000000000000e+00 9.712279814600509553e+01
6.600000000000000533e+00 9.854200482206336176e+01
6.700000000000000178e+00 9.992704208343828043e+01
6.800000000000000711e+00 1.012748390252685908e+02
6.900000000000000355e+00 1.025821987246809357e+02
7.000000000000000000e+00 1.038457975184641242e+02
7.100000000000000533e+00 1.050621845338582148e+02
7.200000000000000178e+00 1.062277814846931960e+02
7.300000000000000711e+00 1.073388827442940681e+02
7.400000000000000355e+00 1.083916557056498959e+02
7.500000000000000000e+00 1.093821414383255473e+02
7.600000000000000533e+00 1.103062556504802103e+02
7.700000000000000178e+00 1.111597899631561575e+02
7.800000000000000711e+00 1.119384135027129048e+02
7.900000000000000355e+00 1.126376748159205761e+02
8.000000000000000000e+00 1.132530041107946062e+02
8.099999999999999645e+00 1.137797158247629454e+02
8.200000000000001066e+00 1.142130115202150051e+02
8.300000000000000711e+00 1.145479831058996751e+02
8.400000000000000355e+00 1.147796163810261589e+02
8.500000000000000000e+00 1.149027948972912583e+02
8.599999999999999645e+00 1.149123041324161107e+02
8.700000000000001066e+00 1.148028359671419452e+02
8.800000000000000711e+00 1.145689934560148942e+02
8.900000000000000355e+00 1.142052958806992251e+02
9.000000000000000000e+00 1.137061840730084867e+02
9.099999999999999645e+00 1.130660259933455336e+02
9.200000000000001066e+00 1.122791225488079476e+02
9.300000000000000711e+00 1.113397136338554105e+02
9.400000000000000355e+00 1.102419843751618913e+02
9.500000000000000000e+00 1.089800715610974322e+02
9.600000000000001421e+00 1.075480702352107159e+02
9.700000000000001066e+00 1.059400404321262670e+02
9.800000000000000711e+00 1.041500140334317166e+02
9.900000000000000355e+00 1.021720017204227133e+02
1.000000000000000000e+01 1.000000000000000000e+02
