t = 0.230000
x    u(x,t)
0.000000000000000000e+00 0.000000000000000000e+00
1.000000000000000056e-01 9.981520634883783716e-02
2.000000000000000111e-01 2.029564249498462813e-01
3.000000000000000444e-01 3.126037983696179356e-01
4.000000000000000222e-01 4.316651546627421898e-01
5.000000000000000000e-01 5.626840524136582644e-01
6.000000000000000888e-01 7.077900451760017475e-01
7.000000000000000666e-01 8.686907817740665561e-01
8.000000000000000444e-01 1.046698829078559934e+00
9.000000000000000222e-01 1.242782153243988219e+00
1.000000000000000000e+00 1.457626342592643676e+00
1.100000000000000089e+00 1.691698290382241732e+00
1.200000000000000178e+00 1.945304079576584799e+00
1.300000000000000044e+00 2.218637114822399781e+00
1.400000000000000133e+00 2.511815334454998272e+00
1.500000000000000000e+00 2.824908235532962220e+00
1.600000000000000089e+00 3.157955442871660079e+00
1.700000000000000178e+00 3.510978845250329883e+00
1.800000000000000044e+00 3.883990172373089855e+00
1.900000000000000133e+00 4.276995529605589930e+00
2.000000000000000000e+00 4.689998007460229879e+00
2.100000000000000089e+00 5.122999129160053400e+00
2.200000000000000178e+00 5.575999626541277898e+00
2.300000000000000266e+00 6.048999842740339083e+00
2.400000000000000355e+00 6.541999934934085381e+00
2.500000000000000000e+00 7.054999973531177027e+00
2.600000000000000089e+00 7.587999989406600143e+00
2.700000000000000178e+00 8.140999995826295077e+00
2.800000000000000266e+00 8.713999998380240086e+00
2.900000000000000355e+00 9.306999999380462185e+00
3.000000000000000000e+00 9.919999999766325516e+00
3.100000000000000089e+00 1.055299999991305349e+01
3.200000000000000178e+00 1.120599999996807128e+01
3.300000000000000266e+00 1.187899999998842482e+01
3.400000000000000355e+00 1.257199999999585316e+01
3.500000000000000000e+00 1.328499999999853465e+01
3.600000000000000089e+00 1.401799999999949975e+01
3.700000000000000178e+00 1.477099999999984270e+01
3.800000000000000266e+00 1.554399999999995963e+01
3.900000000000000355e+00 1.633699999999999264e+01
4.000000000000000000e+00 1.715000000000000568e+01
4.100000000000000533e+00 1.798300000000001475e+01
4.200000000000000178e+00 1.883600000000001629e+01
4.299999999999999822e+00 1.970900000000001739e+01
4.400000000000000355e+00 2.060200000000002873e+01
4.500000000000000000e+00 2.151500000000002899e+01
4.600000000000000533e+00 2.244800000000002882e+01
4.700000000000000178e+00 2.340100000000002822e+01
4.800000000000000711e+00 2.437400000000003075e+01
4.900000000000000355e+00 2.536700000000002220e+01
5.000000000000000000e+00 2.638000000000001677e+01
5.100000000000000533e+00 2.741300000000002512e+01
5.200000000000000178e+00 2.846600000000001884e+01
5.300000000000000711e+00 2.953900000000001924e+01
5.400000000000000355e+00 3.063200000000000855e+01
5.500000000000000000e+00 3.174500000000000810e+01
5.600000000000000533e+00 3.287800000000001432e+01
5.700000000000000178e+00 3.403100000000002012e+01
5.800000000000000711e+00 3.520400000000001484e+01
5.900000000000000355e+00 3.639699999999999847e+01
6.000000000000000000e+00 3.760999999999996390e+01
6.100000000000000533e+00 3.884299999999981878e+01
6.200000000000000178e+00 4.009599999999937836e+01
6.300000000000000711e+00 4.136899999999809552e+01
6.400000000000000355e+00 4.266199999999437864e+01
6.500000000000000000e+00 4.397499999998385789e+01
6.600000000000000533e+00 4.530799999995436167e+01
6.700000000000000178e+00 4.666099999987257263e+01
6.800000000000000711e+00 4.803399999964864975e+01
6.900000000000000355e+00 4.942699999904345987e+01
7.000000000000000000e+00 5.083999999742955112e+01
7.100000000000000533e+00 5.227299999318504575e+01
7.200000000000000178e+00 5.372599998218259287e+01
7.300000000000000711e+00 5.519899995408918159e+01
7.400000000000000355e+00 5.669199988347256891e+01
7.500000000000000000e+00 5.820499970884301177e+01
7.600000000000000533e+00 5.973799928427499140e+01
7.700000000000000178e+00 6.129099827014373147e+01
7.800000000000000711e+00 6.286399589195401916e+01
7.900000000000000355e+00 6.445699042076050489e+01
8.000000000000000000e+00 6.606997808206243405e+01
8.099999999999999645e+00 6.770295082566137523e+01
8.200000000000001066e+00 6.935589189610391259e+01
8.300000000000000711e+00 7.102876729775351805e+01
8.400000000000000355e+00 7.272150987158812541e+01
8.500000000000000000e+00 7.443399059086246439e+01
8.599999999999999645e+00 7.616596867900486245e+01
8.700000000000001066e+00 7.791700826304632699e+01
8.800000000000000711e+00 7.968634487534232846e+01
8.900000000000000355e+00 8.147268119420454013e+01
9.000000000000000000e+00 8.327388976851895563e+01
9.099999999999999645e+00 8.508660368568372689e+01
9.200000000000001066e+00 8.690568711986404082e+01
9.300000000000000711e+00 8.872359859951457395e+01
9.400000000000000355e+00 9.052969049693584225e+01
9.500000000000000000e+00 9.230952457655007493e+01
9.600000000000001421e+00 9.404431670129007159e+01
9.700000000000001066e+00 9.571064178206570716e+01
9.800000000000000711e+00 9.728052067444822626e+01
9.900000000000000355e+00 9.872196726983716530e+01
1.000000000000000000e+01 1.000000000000000000e+02
