t = 7.130000
x    u(x,t)
0.000000000000000000e+00 0.000000000000000000e+00
1.000000000000000056e-01 1.138633544147890753e+00
2.000000000000000111e-01 2.277852655359630774e+00
3.000000000000000444e-01 3.418241844243303351e+00
4.000000000000000222e-01 4.560383509337687435e+00
5.000000000000000000e-01 5.704856883144647561e+00
6.000000000000000888e-01 6.852236980534473609e+00
7.000000000000000666e-01 8.003093550137130308e+00
8.000000000000000444e-01 9.157990029182080605e+00
9.000000000000000222e-01 1.031748250206424622e+01
1.000000000000000000e+00 1.148211866269575410e+01
1.100000000000000089e+00 1.265243678045450793e+01
1.200000000000000178e+00 1.382896466926384171e+01
1.300000000000000044e+00 1.501221865903562325e+01
1.400000000000000133e+00 1.620270256838498213e+01
1.500000000000000000e+00 1.740090667718227380e+01
1.600000000000000089e+00 1.860730669715050212e+01
1.700000000000000178e+00 1.982236273834773144e+01
1.800000000000000044e+00 2.104651826899934619e+01
1.900000000000000133e+00 2.228019906576749065e+01
2.000000000000000000e+00 2.352381215117010882e+01
2.100000000000000089e+00 2.477774471449441052e+01
2.200000000000000178e+00 2.604236301219323479e+01
2.300000000000000266e+00 2.731801124341432541e+01
2.400000000000000355e+00 2.860501039599499506e+01
2.500000000000000000e+00 2.990365705796462592e+01
2.600000000000000089e+00 3.121422218933946624e+01
2.700000000000000178e+00 3.253694984877264318e+01
2.800000000000000266e+00 3.387205586944316593e+01
2.900000000000000355e+00 3.521972647843471549e+01
3.000000000000000000e+00 3.658011685377358191e+01
3.100000000000000089e+00 3.795334961326926049e+01
3.200000000000000178e+00 3.933951322933488370e+01
3.300000000000000266e+00 4.073866036406286639e+01
3.400000000000000355e+00 4.215080611899501406e+01
3.500000000000000000e+00 4.357592619426227998e+01
3.600000000000000089e+00 4.501395495207702879e+01
3.700000000000000178e+00 4.646478337994430774e+01
3.800000000000000266e+00 4.792825694941912218e+01
3.900000000000000355e+00 4.940417336677479199e+01
4.000000000000000000e+00 5.089228021256460721e+01
4.100000000000000533e+00 5.239227246775436697e+01
4.200000000000000178e+00 5.390378992487609366e+01
4.299999999999999822e+00 5.542641448350152444e+01
4.400000000000000355e+00 5.695966733025596795e+01
4.500000000000000000e+00 5.850300600458475486e+01
4.600000000000000533e+00 6.005582135254242360e+01
4.700000000000000178e+00 6.161743437199304196e+01
4.800000000000000711e+00 6.318709295378418034e+01
4.900000000000000355e+00 6.476396852467846088e+01
5.000000000000000000e+00 6.634715259908956853e+01
5.100000000000000533e+00 6.793565324796391280e+01
5.200000000000000178e+00 6.952839149446749900e+01
5.300000000000000711e+00 7.112419764746707074e+01
5.400000000000000355e+00 7.272180758512713794e+01
5.500000000000000000e+00 7.431985900226773367e+01
5.600000000000000533e+00 7.591688763642764570e+01
5.700000000000000178e+00 7.751132348884553380e+01
5.800000000000000711e+00 7.910148705778982503e+01
5.900000000000000355e+00 8.068558560282679082e+01
6.000000000000000000e+00 8.226170945970073944e+01
6.100000000000000533e+00 8.382782842649608313e+01
6.200000000000000178e+00 8.538178824264653599e+01
6.300000000000000711e+00 8.692130718313626403e+01
6.400000000000000355e+00 8.844397279089226060e+01
6.500000000000000000e+00 8.994723877087901087e+01
6.600000000000000533e+00 9.142842206977047681e+01
6.700000000000000178e+00 9.288470016527396922e+01
6.800000000000000711e+00 9.431310858921042950e+01
6.900000000000000355e+00 9.571053870830476740e+01
7.000000000000000000e+00 9.707373578630422628e+01
7.100000000000000533e+00 9.839929735051235582e+01
7.200000000000000178e+00 9.968367188510319465e+01
7.300000000000000711e+00 1.009231578726564749e+02
7.400000000000000355e+00 1.021139032042348589e+02
7.500000000000000000e+00 1.032519049770074986e+02
7.600000000000000533e+00 1.043330096969146297e+02
7.700000000000000178e+00 1.053529139021728724e+02
7.800000000000000711e+00 1.063071652215456879e+02
7.900000000000000355e+00 1.071911638792606709e+02
8.000000000000000000e+00 1.080001646562553361e+02
8.099999999999999645e+00 1.087292793150894141e+02
8.200000000000001066e+00 1.093734794933925372e+02
8.300000000000000711e+00 1.099276000681354333e+02
8.400000000000000355e+00 1.103863429903430813e+02
8.500000000000000000e+00 1.107442815871270767e+02
8.599999999999999645e+00 1.109958653251260472e+02
8.700000000000001066e+00 1.111354250266289938e+02
8.800000000000000711e+00 1.111571785268396866e+02
8.900000000000000355e+00 1.110552367579461048e+02
9.000000000000000000e+00 1.108236102429116556e+02
9.099999999999999645e+00 1.104562159792283040e+02
9.200000000000001066e+00 1.099468846902900765e+02
9.300000000000000711e+00 1.092893684195836528e+02
9.400000000000000355e+00 1.084773484405707791e+02
9.500000000000000000e+00 1.075044434529803254e+02
9.600000000000001421e+00 1.063642180342542503e+02
9.700000000000001066e+00 1.050501913131204219e+02
9.800000000000000711e+00 1.035558458307139915e+02
9.900000000000000355e+00 1.018746365533523743e+02
1.000000000000000000e+01 1.000000000000000000e+02
