t = 5.280000
x    u(x,t)
0.000000000000000000e+00 0.000000000000000000e+00
1.000000000000000056e-01 8.947070920530614258e-01
2.000000000000000111e-01 1.790107417454272376e+00
3.000000000000000444e-01 2.686892852458818925e+00
4.000000000000000222e-01 3.585752565560609284e+00
5.000000000000000000e-01 4.487371679584327921e+00
6.000000000000000888e-01 5.392429952696590867e+00
7.000000000000000666e-01 6.301600484231571819e+00
8.000000000000000444e-01 7.215548450879267328e+00
9.000000000000000222e-01 8.134929878356787825e+00
1.000000000000000000e+00 9.060390453178779779e+00
1.100000000000000089e+00 9.992564378567015737e+00
1.200000000000000178e+00 1.093207327789652084e+01
1.300000000000000044e+00 1.187952514837243889e+01
1.400000000000000133e+00 1.283551336687411748e+01
1.500000000000000000e+00 1.380061574909782252e+01
1.600000000000000089e+00 1.477539366228352868e+01
1.700000000000000178e+00 1.576039119093185015e+01
1.800000000000000044e+00 1.675613435401218965e+01
1.900000000000000133e+00 1.776313037123890481e+01
2.000000000000000000e+00 1.878186697505771718e+01
2.100000000000000089e+00 1.981281176404609212e+01
2.200000000000000178e+00 2.085641159249647458e+01
2.300000000000000266e+00 2.191309199002833097e+01
2.400000000000000355e+00 2.298325660416958982e+01
2.500000000000000000e+00 2.406728665796886091e+01
2.600000000000000089e+00 2.516554041385308338e+01
2.700000000000000178e+00 2.627835263413755840e+01
2.800000000000000266e+00 2.740603402783462883e+01
2.900000000000000355e+00 2.854887067269871181e+01
3.000000000000000000e+00 2.970712340079753488e+01
3.100000000000000089e+00 3.088102713531737109e+01
3.200000000000000178e+00 3.207079016580212283e+01
3.300000000000000266e+00 3.327659334859782092e+01
3.400000000000000355e+00 3.449858921893353170e+01
3.500000000000000000e+00 3.573690100082341559e+01
3.600000000000000089e+00 3.699162150083031264e+01
3.700000000000000178e+00 3.826281187169585962e+01
3.800000000000000266e+00 3.955050023192375619e+01
3.900000000000000355e+00 4.085468012760795631e+01
4.000000000000000000e+00 4.217530882313566565e+01
4.100000000000000533e+00 4.351230540787088330e+01
4.200000000000000178e+00 4.486554870654834559e+01
4.299999999999999822e+00 4.623487498188348610e+01
4.400000000000000355e+00 4.762007541884057105e+01
4.500000000000000000e+00 4.902089338110313577e+01
4.600000000000000533e+00 5.043702143156270523e+01
4.700000000000000178e+00 5.186809811008763660e+01
4.800000000000000711e+00 5.331370446345641056e+01
4.900000000000000355e+00 5.477336032413894884e+01
5.000000000000000000e+00 5.624652033658506411e+01
5.100000000000000533e+00 5.773256973182711249e+01
5.200000000000000178e+00 5.923081985352009582e+01
5.300000000000000711e+00 6.074050344101757304e+01
5.400000000000000355e+00 6.226076967770575266e+01
5.500000000000000000e+00 6.379067901557775855e+01
5.600000000000000533e+00 6.532919778990806492e+01
5.700000000000000178e+00 6.687519264086422766e+01
5.800000000000000711e+00 6.842742476194609935e+01
5.900000000000000355e+00 6.998454399824620964e+01
6.000000000000000000e+00 7.154508282064892910e+01
6.100000000000000533e+00 7.310745020519969728e+01
6.200000000000000178e+00 7.466992544994356251e+01
6.300000000000000711e+00 7.623065196451671000e+01
6.400000000000000355e+00 7.778763107063849702e+01
6.500000000000000000e+00 7.933871585435183249e+01
6.600000000000000533e+00 8.088160511335581759e+01
6.700000000000000178e+00 8.241383744502419972e+01
6.800000000000000711e+00 8.393278552266247061e+01
6.900000000000000355e+00 8.543565060918552945e+01
7.000000000000000000e+00 8.691945735865520817e+01
7.100000000000000533e+00 8.838104895696517360e+01
7.200000000000000178e+00 8.981708265336376940e+01
7.300000000000000711e+00 9.122402573443304163e+01
7.400000000000000355e+00 9.259815199156524557e+01
7.500000000000000000e+00 9.393553873187741488e+01
7.600000000000000533e+00 9.523206438085989589e+01
7.700000000000000178e+00 9.648340672286020947e+01
7.800000000000000711e+00 9.768504182275279391e+01
7.900000000000000355e+00 9.883224366884337542e+01
8.000000000000000000e+00 9.992008457321701087e+01
8.099999999999999645e+00 1.009434363613771239e+02
8.200000000000001066e+00 1.018969723781716681e+02
8.300000000000000711e+00 1.027751703316914274e+02
8.400000000000000355e+00 1.035723159911024851e+02
8.500000000000000000e+00 1.042825077482851981e+02
8.599999999999999645e+00 1.048996620467577543e+02
8.700000000000001066e+00 1.054175196747220298e+02
8.800000000000000711e+00 1.058296529122535503e+02
8.900000000000000355e+00 1.061294735157398179e+02
9.000000000000000000e+00 1.063102415157265739e+02
9.099999999999999645e+00 1.063650747974402293e+02
9.200000000000001066e+00 1.062869594264982140e+02
9.300000000000000711e+00 1.060687606757743708e+02
9.400000000000000355e+00 1.057032347031381647e+02
9.500000000000000000e+00 1.051830408239073904e+02
9.600000000000001421e+00 1.045007543164209380e+02
9.700000000000001066e+00 1.036488796942189197e+02
9.800000000000000711e+00 1.026198643739737975e+02
9.900000000000000355e+00 1.014061126646073632e+02
1.000000000000000000e+01 1.000000000000000000e+02
