t = 0.580000
x    u(x,t)
0.000000000000000000e+00 0.000000000000000000e+00
1.000000000000000056e-01 1.797066487212270747e-01
2.000000000000000111e-01 3.615085078166619947e-01
3.000000000000000444e-01 5.474645195209798532e-01
4.000000000000000222e-01 7.395629833599888237e-01
5.000000000000000000e-01 9.396908030780727339e-01
6.000000000000000888e-01 1.149607772092526403e+00
7.000000000000000666e-01 1.370926895893611608e+00
8.000000000000000444e-01 1.605101272314827909e+00
9.000000000000000222e-01 1.853417567003209143e+00
1.000000000000000000e+00 2.116995680978353445e+00
1.100000000000000089e+00 2.396793849279559296e+00
1.200000000000000178e+00 2.693618159697264591e+00
1.300000000000000044e+00 3.008135348123914810e+00
1.400000000000000133e+00 3.340887707039157828e+00
1.500000000000000000e+00 3.692309019153807714e+00
1.600000000000000089e+00 4.062740574729935439e+00
1.700000000000000178e+00 4.452446520910255501e+00
1.800000000000000044e+00 4.861627997837726589e+00
1.900000000000000133e+00 5.290435716799595234e+00
2.000000000000000000e+00 5.738980813369710887e+00
2.100000000000000089e+00 6.207343953332309816e+00
2.200000000000000178e+00 6.695582776902079480e+00
2.300000000000000266e+00 7.203737838198976284e+00
2.400000000000000355e+00 7.731837236343415576e+00
2.500000000000000000e+00 8.279900148121404513e+00
2.600000000000000089e+00 8.847939466797685171e+00
2.700000000000000178e+00 9.435963733870195824e+00
2.800000000000000266e+00 1.004397852595319840e+01
2.900000000000000355e+00 1.067198743189464949e+01
3.000000000000000000e+00 1.131999272873541251e+01
3.100000000000000089e+00 1.198799584110552807e+01
3.200000000000000178e+00 1.267599764809574836e+01
3.300000000000000266e+00 1.338399868482587785e+01
3.400000000000000355e+00 1.411199927269133880e+01
3.500000000000000000e+00 1.485999960218802940e+01
3.600000000000000089e+00 1.562799978476460794e+01
3.700000000000000178e+00 1.641599988479249461e+01
3.800000000000000266e+00 1.722399993898525850e+01
3.900000000000000355e+00 1.805199996802339157e+01
4.000000000000000000e+00 1.889999998341439280e+01
4.100000000000000533e+00 1.976799999148485654e+01
4.200000000000000178e+00 2.065599999567201905e+01
4.299999999999999822e+00 2.156399999782166077e+01
4.400000000000000355e+00 2.249199999891351709e+01
4.500000000000000000e+00 2.343999999946148804e+01
4.600000000000000533e+00 2.440799999973154044e+01
4.700000000000000178e+00 2.539599999985845002e+01
4.800000000000000711e+00 2.640399999990686908e+01
4.900000000000000355e+00 2.743199999990119053e+01
5.000000000000000000e+00 2.847999999983661468e+01
5.100000000000000533e+00 2.954799999967569590e+01
5.200000000000000178e+00 3.063599999932818108e+01
5.300000000000000711e+00 3.174399999860438371e+01
5.400000000000000355e+00 3.287199999711995702e+01
5.500000000000000000e+00 3.401999999410893594e+01
5.600000000000000533e+00 3.518799998806295548e+01
5.700000000000000178e+00 3.637599997604437618e+01
5.800000000000000711e+00 3.758399995239464175e+01
5.900000000000000355e+00 3.881199990633420782e+01
6.000000000000000000e+00 4.005999981755849149e+01
6.100000000000000533e+00 4.132799964825719741e+01
6.200000000000000178e+00 4.261599932883753183e+01
6.300000000000000711e+00 4.392399873271703825e+01
6.400000000000000355e+00 4.525199763241032969e+01
6.500000000000000000e+00 4.659999562406809304e+01
6.600000000000000533e+00 4.796799199960450721e+01
6.700000000000000178e+00 4.935598553308443570e+01
6.800000000000000711e+00 5.076397412905305373e+01
6.900000000000000355e+00 5.219195425216069850e+01
7.000000000000000000e+00 5.363992001608954752e+01
7.100000000000000533e+00 5.510786175084115968e+01
7.200000000000000178e+00 5.659576378548512565e+01
7.300000000000000711e+00 5.810360107257208995e+01
7.400000000000000355e+00 5.963133413477446254e+01
7.500000000000000000e+00 6.117890162933544929e+01
7.600000000000000533e+00 6.274620959977755064e+01
7.700000000000000178e+00 6.433311622018864284e+01
7.800000000000000711e+00 6.593941054592274043e+01
7.900000000000000355e+00 6.756478348665524436e+01
8.000000000000000000e+00 6.920878894706662265e+01
8.099999999999999645e+00 7.087079288479530703e+01
8.200000000000001066e+00 7.254990797621478293e+01
8.300000000000000711e+00 7.424491173001254651e+01
8.400000000000000355e+00 7.595414632202900407e+01
8.500000000000000000e+00 7.767539921069159448e+01
8.599999999999999645e+00 7.940576477743042005e+01
8.700000000000001066e+00 8.114148882936278540e+01
8.800000000000000711e+00 8.287779975666961718e+01
8.900000000000000355e+00 8.460873234207483051e+01
9.000000000000000000e+00 8.632695249076157040e+01
9.099999999999999645e+00 8.802359323703497296e+01
9.200000000000001066e+00 8.968811399546278551e+01
9.300000000000000711e+00 9.130819585482937839e+01
9.400000000000000355e+00 9.286968549301742826e+01
9.500000000000000000e+00 9.435659883385847024e+01
9.600000000000001421e+00 9.575119281695964446e+01
9.700000000000001066e+00 9.703410971473059021e+01
9.800000000000000711e+00 9.818459358598312292e+01
9.900000000000000355e+00 9.918077313593340705e+01
1.000000000000000000e+01 1.000000000000000000e+02
