t = 5.690000
x    u(x,t)
0.000000000000000000e+00 0.000000000000000000e+00
1.000000000000000056e-01 9.496396908821943539e-01
2.000000000000000111e-01 1.899946031049023265e+00
3.000000000000000444e-01 2.851584426731008648e+00
4.000000000000000222e-01 3.805217802816977191e+00
5.000000000000000000e-01 4.761505374025882809e+00
6.000000000000000888e-01 5.721101430084249095e+00
7.000000000000000666e-01 6.684654139237102832e+00
8.000000000000000444e-01 7.652804374132132992e+00
9.000000000000000222e-01 8.626184563761452040e+00
1.000000000000000000e+00 9.605417574725867880e+00
1.100000000000000089e+00 1.059111562460671863e+01
1.200000000000000178e+00 1.158387922969407846e+01
1.300000000000000044e+00 1.258429618873253908e+01
1.400000000000000133e+00 1.359294060371127522e+01
1.500000000000000000e+00 1.461037193804992462e+01
1.600000000000000089e+00 1.563713411182102675e+01
1.700000000000000178e+00 1.667375463290984072e+01
1.800000000000000044e+00 1.772074376224965064e+01
1.900000000000000133e+00 1.877859371049110493e+01
2.000000000000000000e+00 1.984777786267530786e+01
2.100000000000000089e+00 2.092875002668814233e+01
2.200000000000000178e+00 2.202194370048512440e+01
2.300000000000000266e+00 2.312777135229861258e+01
2.400000000000000355e+00 2.424662370727959626e+01
2.500000000000000000e+00 2.537886903329124166e+01
2.600000000000000089e+00 2.652485241786854075e+01
2.700000000000000178e+00 2.768489502769383037e+01
2.800000000000000266e+00 2.885929334132007540e+01
2.900000000000000355e+00 3.004831834530763857e+01
3.000000000000000000e+00 3.125221468343524123e+01
3.100000000000000089e+00 3.247119974820669341e+01
3.200000000000000178e+00 3.370546270351044171e+01
3.300000000000000266e+00 3.495516342700486234e+01
3.400000000000000355e+00 3.622043136060564450e+01
3.500000000000000000e+00 3.750136425734998369e+01
3.600000000000000089e+00 3.879802681291155153e+01
3.700000000000000178e+00 4.011044917014692146e+01
3.800000000000000266e+00 4.143862528527547084e+01
3.900000000000000355e+00 4.278251114463520111e+01
4.000000000000000000e+00 4.414202282142365164e+01
4.100000000000000533e+00 4.551703436243040102e+01
4.200000000000000178e+00 4.690737549550038210e+01
4.299999999999999822e+00 4.831282914933926520e+01
4.400000000000000355e+00 4.973312877828642087e+01
4.500000000000000000e+00 5.116795548584052966e+01
4.600000000000000533e+00 5.261693494202738464e+01
4.700000000000000178e+00 5.407963409114938003e+01
4.800000000000000711e+00 5.555555764805074404e+01
4.900000000000000355e+00 5.704414438276679533e+01
5.000000000000000000e+00 5.854476319529641160e+01
5.100000000000000533e+00 6.005670898423618098e+01
5.200000000000000178e+00 6.157919831513530795e+01
5.300000000000000711e+00 6.311136489666004223e+01
5.400000000000000355e+00 6.465225487498325663e+01
5.500000000000000000e+00 6.620082195922374524e+01
5.600000000000000533e+00 6.775592239323283650e+01
5.700000000000000178e+00 6.931630979154513739e+01
5.800000000000000711e+00 7.088062985985162356e+01
5.900000000000000355e+00 7.244741502289538460e+01
6.000000000000000000e+00 7.401507898520688400e+01
6.100000000000000533e+00 7.558191125255812892e+01
6.200000000000000178e+00 7.714607164439684084e+01
6.300000000000000711e+00 7.870558482979016901e+01
6.400000000000000355e+00 8.025833492153404336e+01
6.500000000000000000e+00 8.180206016503534272e+01
6.600000000000000533e+00 8.333434776031910474e+01
6.700000000000000178e+00 8.485262885702097435e+01
6.800000000000000711e+00 8.635417376346272533e+01
6.900000000000000355e+00 8.783608741185115321e+01
7.000000000000000000e+00 8.929530512225521477e+01
7.100000000000000533e+00 9.072858870828095235e+01
7.200000000000000178e+00 9.213252296725549684e+01
7.300000000000000711e+00 9.350351259722792463e+01
7.400000000000000355e+00 9.483777958218520610e+01
7.500000000000000000e+00 9.613136108554972736e+01
7.600000000000000533e+00 9.738010789026652958e+01
7.700000000000000178e+00 9.857968342160165776e+01
7.800000000000000711e+00 9.972556338615873983e+01
7.900000000000000355e+00 1.008130360575909776e+02
8.000000000000000000e+00 1.018372032360512520e+02
8.099999999999999645e+00 1.027929819046058384e+02
8.200000000000001066e+00 1.036751066016619660e+02
8.300000000000000711e+00 1.044781325239574130e+02
8.400000000000000355e+00 1.051964393698659421e+02
8.500000000000000000e+00 1.058242359277299443e+02
8.599999999999999645e+00 1.063555654086827928e+02
8.700000000000001066e+00 1.067843115180220792e+02
8.800000000000000711e+00 1.071042052536889457e+02
8.900000000000000355e+00 1.073088324148602624e+02
9.000000000000000000e+00 1.073916417981206166e+02
9.099999999999999645e+00 1.073459540532163601e+02
9.200000000000001066e+00 1.071649711650584464e+02
9.300000000000000711e+00 1.068417865234968360e+02
9.400000000000000355e+00 1.063693955374953362e+02
9.500000000000000000e+00 1.057407067457481844e+02
9.600000000000001421e+00 1.049485533715497780e+02
9.700000000000001066e+00 1.039857052659117613e+02
9.800000000000000711e+00 1.028448811795569497e+02
9.900000000000000355e+00 1.015187613015515069e+02
1.000000000000000000e+01 1.000000000000000000e+02
