t = 0.100000
x    u(x,t)
0.000000000000000000e+00 0.000000000000000000e+00
1.000000000000000056e-01 6.090930619206898905e-02
2.000000000000000111e-01 1.268535469370108137e-01
3.000000000000000444e-01 2.023575741327674204e-01
4.000000000000000222e-01 2.910841355906225725e-01
5.000000000000000000e-01 3.957151628466312743e-01
6.000000000000000888e-01 5.180372974235799566e-01
7.000000000000000666e-01 6.591407761438768942e-01
8.000000000000000444e-01 8.196394388865744229e-01
9.000000000000000222e-01 9.998545229945350332e-01
1.000000000000000000e+00 1.199943395034727356e+00
1.100000000000000089e+00 1.419978698734135625e+00
1.200000000000000178e+00 1.659992226506183721e+00
1.300000000000000044e+00 1.919997242158748119e+00
1.400000000000000133e+00 2.199999046640730427e+00
1.500000000000000000e+00 2.499999678202935005e+00
1.600000000000000089e+00 2.819999893741003127e+00
1.700000000000000178e+00 3.159999965616534734e+00
1.800000000000000044e+00 3.519999989080449421e+00
1.900000000000000133e+00 3.899999996591703599e+00
2.000000000000000000e+00 4.299999998953123459e+00
2.100000000000000089e+00 4.719999999683208713e+00
2.200000000000000178e+00 5.159999999905458878e+00
2.300000000000000266e+00 5.619999999972148608e+00
2.400000000000000355e+00 6.099999999991891464e+00
2.500000000000000000e+00 6.599999999997663735e+00
2.600000000000000089e+00 7.119999999999337525e+00
2.700000000000000178e+00 7.659999999999817177e+00
2.800000000000000266e+00 8.219999999999950901e+00
2.900000000000000355e+00 8.799999999999986500e+00
3.000000000000000000e+00 9.399999999999996803e+00
3.100000000000000089e+00 1.002000000000000668e+01
3.200000000000000178e+00 1.066000000000001080e+01
3.300000000000000266e+00 1.132000000000001094e+01
3.400000000000000355e+00 1.200000000000000711e+01
3.500000000000000000e+00 1.270000000000000284e+01
3.600000000000000089e+00 1.342000000000000703e+01
3.700000000000000178e+00 1.416000000000001080e+01
3.800000000000000266e+00 1.492000000000001236e+01
3.900000000000000355e+00 1.570000000000000817e+01
4.000000000000000000e+00 1.650000000000000711e+01
4.100000000000000533e+00 1.732000000000000739e+01
4.200000000000000178e+00 1.816000000000000725e+01
4.299999999999999822e+00 1.902000000000000668e+01
4.400000000000000355e+00 1.990000000000001279e+01
4.500000000000000000e+00 2.080000000000001492e+01
4.600000000000000533e+00 2.172000000000002018e+01
4.700000000000000178e+00 2.266000000000001791e+01
4.800000000000000711e+00 2.362000000000001521e+01
4.900000000000000355e+00 2.460000000000001563e+01
5.000000000000000000e+00 2.560000000000001918e+01
5.100000000000000533e+00 2.662000000000002231e+01
5.200000000000000178e+00 2.766000000000001080e+01
5.300000000000000711e+00 2.872000000000001307e+01
5.400000000000000355e+00 2.980000000000000782e+01
5.500000000000000000e+00 3.090000000000000924e+01
5.600000000000000533e+00 3.202000000000001734e+01
5.700000000000000178e+00 3.316000000000001791e+01
5.800000000000000711e+00 3.432000000000002160e+01
5.900000000000000355e+00 3.550000000000002132e+01
6.000000000000000000e+00 3.670000000000002416e+01
6.100000000000000533e+00 3.792000000000003013e+01
6.200000000000000178e+00 3.916000000000003212e+01
6.300000000000000711e+00 4.042000000000003723e+01
6.400000000000000355e+00 4.170000000000000995e+01
6.500000000000000000e+00 4.300000000000000000e+01
6.600000000000000533e+00 4.432000000000000028e+01
6.700000000000000178e+00 4.566000000000001080e+01
6.800000000000000711e+00 4.702000000000001734e+01
6.900000000000000355e+00 4.839999999999999858e+01
7.000000000000000000e+00 4.979999999999996163e+01
7.100000000000000533e+00 5.121999999999987807e+01
7.200000000000000178e+00 5.265999999999945658e+01
7.300000000000000711e+00 5.411999999999796529e+01
7.400000000000000355e+00 5.559999999999269704e+01
7.500000000000000000e+00 5.709999999997433662e+01
7.600000000000000533e+00 5.861999999991084564e+01
7.700000000000000178e+00 6.015999999969363898e+01
7.800000000000000711e+00 6.171999999896003430e+01
7.900000000000000355e+00 6.329999999651525400e+01
8.000000000000000000e+00 6.489999998848432483e+01
8.099999999999999645e+00 6.651999996250869174e+01
8.200000000000001066e+00 6.815999987988492137e+01
8.300000000000000711e+00 6.981999962178183239e+01
8.400000000000000355e+00 7.149999883115097532e+01
8.500000000000000000e+00 7.319999646023221374e+01
8.599999999999999645e+00 7.491998951304796606e+01
8.700000000000001066e+00 7.665996966374619603e+01
8.800000000000000711e+00 7.841991449156796534e+01
8.900000000000000355e+00 8.019976568607542333e+01
9.000000000000000000e+00 8.199937734538194434e+01
9.099999999999999645e+00 8.381839975293981126e+01
9.200000000000001066e+00 8.565603382775228170e+01
9.300000000000000711e+00 8.751054853758257934e+01
9.400000000000000355e+00 8.937841027165929120e+01
9.500000000000000000e+00 9.125286679131286860e+01
9.600000000000001421e+00 9.312192549149681042e+01
9.700000000000001066e+00 9.496593331546038996e+01
9.800000000000000711e+00 9.675538901630704913e+01
9.900000000000000355e+00 9.845000236811270611e+01
1.000000000000000000e+01 1.000000000000000000e+02
