t = 9.910000
x    u(x,t)
0.000000000000000000e+00 0.000000000000000000e+00
1.000000000000000056e-01 1.487730673293019779e+00
2.000000000000000111e-01 2.975896021276133396e+00
3.000000000000000444e-01 4.464929547580827496e+00
4.000000000000000222e-01 5.955262412042493736e+00
5.000000000000000000e-01 7.447322254601818514e+00
6.000000000000000888e-01 8.941532014156198471e+00
7.000000000000000666e-01 1.043830874066279435e+01
8.000000000000000444e-01 1.193806239878277964e+01
9.000000000000000222e-01 1.344119466134222307e+01
1.000000000000000000e+00 1.494809769086974427e+01
1.100000000000000089e+00 1.645915290745520920e+01
1.200000000000000178e+00 1.797472974115818900e+01
1.300000000000000044e+00 1.949518436718098968e+01
1.400000000000000133e+00 2.102085842200938615e+01
1.500000000000000000e+00 2.255207769871645951e+01
1.600000000000000089e+00 2.408915081962221194e+01
1.700000000000000178e+00 2.563236788450478798e+01
1.800000000000000044e+00 2.718199909257065983e+01
1.900000000000000133e+00 2.873829333641086947e+01
2.000000000000000000e+00 3.030147676620129715e+01
2.100000000000000089e+00 3.187175132244736986e+01
2.200000000000000178e+00 3.344929323562883638e+01
2.300000000000000266e+00 3.503425149117119730e+01
2.400000000000000355e+00 3.662674625825558650e+01
2.500000000000000000e+00 3.822686728108244125e+01
2.600000000000000089e+00 3.983467223132538493e+01
2.700000000000000178e+00 4.145018502065205013e+01
2.800000000000000266e+00 4.307339407234946549e+01
2.900000000000000355e+00 4.470425055127196146e+01
3.000000000000000000e+00 4.634266655153328429e+01
3.100000000000000089e+00 4.798851324158837883e+01
3.200000000000000178e+00 4.964161896659701512e+01
3.300000000000000266e+00 5.130176730823058762e+01
3.400000000000000355e+00 5.296869510237309697e+01
3.500000000000000000e+00 5.464209041548041057e+01
3.600000000000000089e+00 5.632159048069425467e+01
3.700000000000000178e+00 5.800677959516109894e+01
3.800000000000000266e+00 5.969718698037798532e+01
3.900000000000000355e+00 6.139228460777733432e+01
4.000000000000000000e+00 6.309148499216831141e+01
4.100000000000000533e+00 6.479413895607291352e+01
4.200000000000000178e+00 6.649953336842732199e+01
4.299999999999999822e+00 6.820688886156099784e+01
4.400000000000000355e+00 6.991535753081583948e+01
4.500000000000000000e+00 7.162402062162236405e+01
4.600000000000000533e+00 7.333188620930548041e+01
4.700000000000000178e+00 7.503788687734763130e+01
4.800000000000000711e+00 7.674087740028669202e+01
4.900000000000000355e+00 7.843963243786815553e+01
5.000000000000000000e+00 8.013284424750207791e+01
5.100000000000000533e+00 8.181912042248886507e+01
5.200000000000000178e+00 8.349698166387599940e+01
5.300000000000000711e+00 8.516485959417930474e+01
5.400000000000000355e+00 8.682109462155048618e+01
5.500000000000000000e+00 8.846393386328833230e+01
5.600000000000000533e+00 9.009152913787386296e+01
5.700000000000000178e+00 9.170193503495481480e+01
5.800000000000000711e+00 9.329310707290835580e+01
5.900000000000000355e+00 9.486289995377040896e+01
6.000000000000000000e+00 9.640906592543235831e+01
6.100000000000000533e+00 9.792925326106640682e+01
6.200000000000000178e+00 9.942100486575044727e+01
6.300000000000000711e+00 1.008817570202147778e+02
6.400000000000000355e+00 1.023088382715295239e+02
6.500000000000000000e+00 1.036994684803867983e+02
6.600000000000000533e+00 1.050507580344077496e+02
6.700000000000000178e+00 1.063597072366191014e+02
6.800000000000000711e+00 1.076232058778952592e+02
6.900000000000000355e+00 1.088380330017533169e+02
7.000000000000000000e+00 1.100008568694167366e+02
7.100000000000000533e+00 1.111082351325323003e+02
7.200000000000000178e+00 1.121566152203336770e+02
7.300000000000000711e+00 1.131423349473972593e+02
7.400000000000000355e+00 1.140616233474327004e+02
7.500000000000000000e+00 1.149106017377950764e+02
7.600000000000000533e+00 1.156852850186023858e+02
7.700000000000000178e+00 1.163815832094919926e+02
7.800000000000000711e+00 1.169953032261603312e+02
7.900000000000000355e+00 1.175221508979032450e+02
8.000000000000000000e+00 1.179577332264169627e+02
8.099999999999999645e+00 1.182975608851353826e+02
8.200000000000001066e+00 1.185370509573756550e+02
8.300000000000000711e+00 1.186715299105446917e+02
8.400000000000000355e+00 1.186962368026324128e+02
8.500000000000000000e+00 1.186063267161870840e+02
8.599999999999999645e+00 1.183968744139448575e+02
8.700000000000001066e+00 1.180628782092700533e+02
8.800000000000000711e+00 1.175992640435660235e+02
8.900000000000000355e+00 1.170008897618445047e+02
9.000000000000000000e+00 1.162625495766981487e+02
9.099999999999999645e+00 1.153789787100154598e+02
9.200000000000001066e+00 1.143448582009153398e+02
9.300000000000000711e+00 1.131548198675634040e+02
9.400000000000000355e+00 1.118034514097738565e+02
9.500000000000000000e+00 1.102853016386001457e+02
9.600000000000001421e+00 1.085948858184831920e+02
9.700000000000001066e+00 1.067266911069598336e+02
9.800000000000000711e+00 1.046751820764409899e+02
9.900000000000000355e+00 1.024348063021531345e+02
1.000000000000000000e+01 1.000000000000000000e+02
