t = 7.520000
x    u(x,t)
0.000000000000000000e+00 0.000000000000000000e+00
1.000000000000000056e-01 1.188850359587285466e+00
2.000000000000000111e-01 2.378265800358060122e+00
3.000000000000000444e-01 3.568810356545849771e+00
4.000000000000000222e-01 4.761045968645643001e+00
5.000000000000000000e-01 5.955531436916616350e+00
6.000000000000000888e-01 7.152821375243398450e+00
7.000000000000000666e-01 8.353465165330060671e+00
8.000000000000000444e-01 9.558005911078428340e+00
9.000000000000000222e-01 1.076697939285163841e+01
1.000000000000000000e+00 1.198091302114681511e+01
1.100000000000000089e+00 1.320032478899916129e+01
1.200000000000000178e+00 1.442572222221606459e+01
1.300000000000000044e+00 1.565760132629653256e+01
1.400000000000000133e+00 1.689644552863105886e+01
1.500000000000000000e+00 1.814272461430353545e+01
1.600000000000000089e+00 1.939689365353255113e+01
1.700000000000000178e+00 2.065939191849872003e+01
1.800000000000000044e+00 2.193064178701082412e+01
1.900000000000000133e+00 2.321104763017060435e+01
2.000000000000000000e+00 2.450099468090793309e+01
2.100000000000000089e+00 2.580084787997958529e+01
2.200000000000000178e+00 2.711095069575898364e+01
2.300000000000000266e+00 2.843162391389697419e+01
2.400000000000000355e+00 2.976316439270797787e+01
2.500000000000000000e+00 3.110584377993682637e+01
2.600000000000000089e+00 3.245990718639329486e+01
2.700000000000000178e+00 3.382557181180824557e+01
2.800000000000000266e+00 3.520302551817143666e+01
2.900000000000000355e+00 3.659242534575976435e+01
3.000000000000000000e+00 3.799389596706155459e+01
3.100000000000000089e+00 3.940752807384873790e+01
3.200000000000000178e+00 4.083337669275003634e+01
3.300000000000000266e+00 4.227145942483558372e+01
3.400000000000000355e+00 4.372175460494056409e+01
3.500000000000000000e+00 4.518419937673473186e+01
3.600000000000000089e+00 4.665868767988737176e+01
3.700000000000000178e+00 4.814506814608488838e+01
3.800000000000000266e+00 4.964314190113228165e+01
3.900000000000000355e+00 5.115266027090937229e+01
4.000000000000000000e+00 5.267332238955840040e+01
4.100000000000000533e+00 5.420477270895087685e+01
4.200000000000000178e+00 5.574659840921585641e+01
4.299999999999999822e+00 5.729832671090707663e+01
4.400000000000000355e+00 5.885942209024094041e+01
4.500000000000000000e+00 6.042928339974582030e+01
4.600000000000000533e+00 6.200724089762253044e+01
4.700000000000000178e+00 6.359255319012012109e+01
4.800000000000000711e+00 6.518440409227567045e+01
4.900000000000000355e+00 6.678189941344339786e+01
5.000000000000000000e+00 6.838406367514228634e+01
5.100000000000000533e+00 6.998983676987145941e+01
5.200000000000000178e+00 7.159807057067448000e+01
5.300000000000000711e+00 7.320752550236386469e+01
5.400000000000000355e+00 7.481686708643955797e+01
5.500000000000000000e+00 7.642466247283819314e+01
5.600000000000000533e+00 7.802937697272250261e+01
5.700000000000000178e+00 7.962937060755412233e+01
5.800000000000000711e+00 8.122289469067352741e+01
5.900000000000000355e+00 8.280808845852990885e+01
6.000000000000000000e+00 8.438297576954988699e+01
6.100000000000000533e+00 8.594546188939342812e+01
6.200000000000000178e+00 8.749333038201153556e+01
6.300000000000000711e+00 8.902424012647892937e+01
6.400000000000000355e+00 9.053572248001839284e+01
6.500000000000000000e+00 9.202517860795136073e+01
6.600000000000000533e+00 9.348987700149314151e+01
6.700000000000000178e+00 9.492695120435354283e+01
6.800000000000000711e+00 9.633339776899582318e+01
6.900000000000000355e+00 9.770607446314670597e+01
7.000000000000000000e+00 9.904169874672842866e+01
7.100000000000000533e+00 1.003368465388014954e+02
7.200000000000000178e+00 1.015879512933588700e+02
7.300000000000000711e+00 1.027913034019002652e+02
7.400000000000000355e+00 1.039430499396382288e+02
7.500000000000000000e+00 1.050391947709521503e+02
7.600000000000000533e+00 1.060755990283101085e+02
7.700000000000000178e+00 1.070479819773355672e+02
7.800000000000000711e+00 1.079519222790062969e+02
7.900000000000000355e+00 1.087828596581509402e+02
8.000000000000000000e+00 1.095360969854625779e+02
8.099999999999999645e+00 1.102068027781911610e+02
8.200000000000001066e+00 1.107900141225218249e+02
8.300000000000000711e+00 1.112806400184084197e+02
8.400000000000000355e+00 1.116734651453264462e+02
8.500000000000000000e+00 1.119631540450560152e+02
8.599999999999999645e+00 1.121442557152199839e+02
8.700000000000001066e+00 1.122112086049039306e+02
8.800000000000000711e+00 1.121583460012930118e+02
8.900000000000000355e+00 1.119799017938951522e+02
9.000000000000000000e+00 1.116700166006008459e+02
9.099999999999999645e+00 1.112227442375758528e+02
9.200000000000001066e+00 1.106320585128148792e+02
9.300000000000000711e+00 1.098918603211196086e+02
9.400000000000000355e+00 1.089959850163228765e+02
9.500000000000000000e+00 1.079382100347780664e+02
9.600000000000001421e+00 1.067122627424869989e+02
9.700000000000001066e+00 1.053118284767640205e+02
9.800000000000000711e+00 1.037305587520432937e+02
9.900000000000000355e+00 1.019620795983414183e+02
1.000000000000000000e+01 1.000000000000000000e+02
