t = 1.790000
x    u(x,t)
0.000000000000000000e+00 0.000000000000000000e+00
1.000000000000000056e-01 3.925990991115351214e-01
2.000000000000000111e-01 7.863909239036570575e-01
3.000000000000000444e-01 1.182561527705640492e+00
4.000000000000000222e-01 1.582283731328155696e+00
5.000000000000000000e-01 1.986710784114673167e+00
6.000000000000000888e-01 2.396970349071557926e+00
7.000000000000000666e-01 2.814158905978529468e+00
8.000000000000000444e-01 3.239336654986451070e+00
9.000000000000000222e-01 3.673522989813708950e+00
1.000000000000000000e+00 4.117692594758000091e+00
1.100000000000000089e+00 4.572772203891857679e+00
1.200000000000000178e+00 5.039638044569459296e+00
1.300000000000000044e+00 5.519113971292429532e+00
1.400000000000000133e+00 6.011970280584085558e+00
1.500000000000000000e+00 6.518923183271875033e+00
1.600000000000000089e+00 7.040634897872525499e+00
1.700000000000000178e+00 7.577714317924986176e+00
1.800000000000000044e+00 8.130718197342741149e+00
1.900000000000000133e+00 8.700152791283631615e+00
2.000000000000000000e+00 9.286475885693825205e+00
2.100000000000000089e+00 9.890099146518060991e+00
2.200000000000000178e+00 1.051139071944818504e+01
2.300000000000000266e+00 1.115067801281141691e+01
2.400000000000000355e+00 1.180825059953231460e+01
2.500000000000000000e+00 1.248436317875956014e+01
2.600000000000000089e+00 1.317923854343239221e+01
2.700000000000000178e+00 1.389307050647017761e+01
2.800000000000000266e+00 1.462602674510979561e+01
2.900000000000000355e+00 1.537825152991677236e+01
3.000000000000000000e+00 1.614986831191372474e+01
3.100000000000000089e+00 1.694098214789523382e+01
3.200000000000000178e+00 1.775168195016010131e+01
3.300000000000000266e+00 1.858204255246010561e+01
3.400000000000000355e+00 1.943212658884424826e+01
3.500000000000000000e+00 2.030198618621323092e+01
3.600000000000000089e+00 2.119166447476298387e+01
3.700000000000000178e+00 2.210119692308912676e+01
3.800000000000000266e+00 2.303061250656651637e+01
3.900000000000000355e+00 2.397993471874299587e+01
4.000000000000000000e+00 2.494918243593878771e+01
4.100000000000000533e+00 2.593837064506623946e+01
4.200000000000000178e+00 2.694751104392414476e+01
4.299999999999999822e+00 2.797661252191230830e+01
4.400000000000000355e+00 2.902568152728364836e+01
4.500000000000000000e+00 3.009472232471812347e+01
4.600000000000000533e+00 3.118373714416638975e+01
4.700000000000000178e+00 3.229272621855958647e+01
4.800000000000000711e+00 3.342168770409061551e+01
4.900000000000000355e+00 3.457061747230414994e+01
5.000000000000000000e+00 3.573950875814494310e+01
5.100000000000000533e+00 3.692835164235804513e+01
5.200000000000000178e+00 3.813713234016559284e+01
5.300000000000000711e+00 3.936583226092527354e+01
5.400000000000000355e+00 4.061442679548694201e+01
5.500000000000000000e+00 4.188288377921178096e+01
5.600000000000000533e+00 4.317116156914631375e+01
5.700000000000000178e+00 4.447920666374243837e+01
5.800000000000000711e+00 4.580695078293167199e+01
5.900000000000000355e+00 4.715430731551678889e+01
6.000000000000000000e+00 4.852116703003294162e+01
6.100000000000000533e+00 4.990739293483738237e+01
6.200000000000000178e+00 5.131281416368970838e+01
6.300000000000000711e+00 5.273721875505074053e+01
6.400000000000000355e+00 5.418034518741986716e+01
6.500000000000000000e+00 5.564187252998619471e+01
6.600000000000000533e+00 5.712140906849102606e+01
6.700000000000000178e+00 5.861847927132955505e+01
6.800000000000000711e+00 6.013250897140490991e+01
6.900000000000000355e+00 6.166280865589917681e+01
7.000000000000000000e+00 6.320855477967113956e+01
7.100000000000000533e+00 6.476876904902067622e+01
7.200000000000000178e+00 6.634229566146520085e+01
7.300000000000000711e+00 6.792777653409234517e+01
7.400000000000000355e+00 6.952362460780518916e+01
7.500000000000000000e+00 7.112799537681431161e+01
7.600000000000000533e+00 7.273875686110075378e+01
7.700000000000000178e+00 7.435345831288060481e+01
7.800000000000000711e+00 7.596929802450928548e+01
7.900000000000000355e+00 7.758309068250355267e+01
8.000000000000000000e+00 7.919123478777486014e+01
8.099999999999999645e+00 8.078968073277842166e+01
8.200000000000001066e+00 8.237390018888621057e+01
8.300000000000000711e+00 8.393885750857785411e+01
8.400000000000000355e+00 8.547898388374483147e+01
8.500000000000000000e+00 8.698815502045117398e+01
8.599999999999999645e+00 8.845967308919699690e+01
8.700000000000001066e+00 8.988625368593216081e+01
8.800000000000000711e+00 9.126001849132104837e+01
8.900000000000000355e+00 9.257249424345887689e+01
9.000000000000000000e+00 9.381461854273402423e+01
9.099999999999999645e+00 9.497675288819155526e+01
9.200000000000001066e+00 9.604870320499664160e+01
9.300000000000000711e+00 9.701974796585149363e+01
9.400000000000000355e+00 9.787867383983954994e+01
9.500000000000000000e+00 9.861381862529250952e+01
9.600000000000001421e+00 9.921312104462796810e+01
9.700000000000001066e+00 9.966417680477246677e+01
9.800000000000000711e+00 9.995430016294581321e+01
9.900000000000000355e+00 1.000705900902293166e+02
1.000000000000000000e+01 1.000000000000000000e+02
