t = 0.690000
x    u(x,t)
0.000000000000000000e+00 0.000000000000000000e+00
1.000000000000000056e-01 2.017160782937721941e-01
2.000000000000000111e-01 4.053531481065717479e-01
3.000000000000000444e-01 6.128042660803858510e-01
4.000000000000000222e-01 8.259078433695029586e-01
5.000000000000000000e-01 1.046423293735685434e+00
6.000000000000000888e-01 1.276010004402697851e+00
7.000000000000000666e-01 1.516210360079905728e+00
8.000000000000000444e-01 1.768437276729603491e+00
9.000000000000000222e-01 2.033966413522843464e+00
1.000000000000000000e+00 2.313932954583787005e+00
1.100000000000000089e+00 2.609332608936430820e+00
1.200000000000000178e+00 2.921026284466385459e+00
1.300000000000000044e+00 3.249747759841234984e+00
1.400000000000000133e+00 3.596113610230843971e+00
1.500000000000000000e+00 3.960634634851955216e+00
1.600000000000000089e+00 4.343728078147544025e+00
1.700000000000000178e+00 4.745730019672905975e+00
1.800000000000000044e+00 5.166907416806980180e+00
1.900000000000000133e+00 5.607469405723619182e+00
2.000000000000000000e+00 6.067577587691315166e+00
2.100000000000000089e+00 6.547355140255422867e+00
2.200000000000000178e+00 7.046894689651084676e+00
2.300000000000000266e+00 7.566264958277055364e+00
2.400000000000000355e+00 8.105516258195859081e+00
2.500000000000000000e+00 8.664684939420858711e+00
2.600000000000000089e+00 9.243796922617903533e+00
2.700000000000000178e+00 9.842870452985879481e+00
2.800000000000000266e+00 1.046191820893608160e+01
2.900000000000000355e+00 1.110094888905831034e+01
3.000000000000000000e+00 1.175996838661295918e+01
3.100000000000000089e+00 1.243898064472970688e+01
3.200000000000000178e+00 1.313798826933307140e+01
3.300000000000000266e+00 1.385699296170145445e+01
3.400000000000000355e+00 1.459599581917125377e+01
3.500000000000000000e+00 1.535499754112321469e+01
3.600000000000000089e+00 1.613399856806771737e+01
3.700000000000000178e+00 1.693299917424217327e+01
3.800000000000000266e+00 1.775199952841268569e+01
3.900000000000000355e+00 1.859099973326057054e+01
4.000000000000000000e+00 1.944999985055972758e+01
4.100000000000000533e+00 2.032899991706232257e+01
4.200000000000000178e+00 2.122799995439429210e+01
4.299999999999999822e+00 2.214699997514210494e+01
4.400000000000000355e+00 2.308599998655000718e+01
4.500000000000000000e+00 2.404499999273732769e+01
4.600000000000000533e+00 2.502399999600954317e+01
4.700000000000000178e+00 2.602299999761878269e+01
4.800000000000000711e+00 2.704199999818905553e+01
4.900000000000000355e+00 2.808099999793032353e+01
5.000000000000000000e+00 2.913999999670427599e+01
5.100000000000000533e+00 3.021899999395768788e+01
5.200000000000000178e+00 3.131799998849493960e+01
5.300000000000000711e+00 3.243699997800585777e+01
5.400000000000000355e+00 3.357599995818303285e+01
5.500000000000000000e+00 3.473499992113048052e+01
5.600000000000000533e+00 3.591399985254642502e+01
5.700000000000000178e+00 3.711299972680266279e+01
5.800000000000000711e+00 3.833199949845175070e+01
5.900000000000000355e+00 3.957099908773972885e+01
6.000000000000000000e+00 4.082999835618235096e+01
6.100000000000000533e+00 4.210899706587791513e+01
6.200000000000000178e+00 4.340799481254466485e+01
6.300000000000000711e+00 4.472699091666605398e+01
6.400000000000000355e+00 4.606598424874567854e+01
6.500000000000000000e+00 4.742497295235561694e+01
6.600000000000000533e+00 4.880395401088377838e+01
6.700000000000000178e+00 5.020292257871584241e+01
6.800000000000000711e+00 5.162187096266362119e+01
6.900000000000000355e+00 5.306078709202665777e+01
7.000000000000000000e+00 5.451965225274258842e+01
7.100000000000000533e+00 5.599843777964147051e+01
7.200000000000000178e+00 5.749710029829689262e+01
7.300000000000000711e+00 5.901557498284463321e+01
7.400000000000000355e+00 6.055376614879689612e+01
7.500000000000000000e+00 6.211153433362946430e+01
7.600000000000000533e+00 6.368867884015444503e+01
7.700000000000000178e+00 6.528491454104752734e+01
7.800000000000000711e+00 6.689984158616177012e+01
7.900000000000000355e+00 6.853290654280944239e+01
8.000000000000000000e+00 7.018335346460423807e+01
8.099999999999999645e+00 7.185016346295954293e+01
8.200000000000001066e+00 7.353198158487653302e+01
8.300000000000000711e+00 7.522703021640165844e+01
8.400000000000000355e+00 7.693300885962261759e+01
8.500000000000000000e+00 7.864698098337112242e+01
8.599999999999999645e+00 8.036524971253891181e+01
8.700000000000001066e+00 8.208322535825323030e+01
8.800000000000000711e+00 8.379528912912989824e+01
8.900000000000000355e+00 8.549465869830036979e+01
9.000000000000000000e+00 8.717326250042127356e+01
9.099999999999999645e+00 8.882163054875090324e+01
9.200000000000001066e+00 9.042881004402526912e+01
9.300000000000000711e+00 9.198231396087857092e+01
9.400000000000000355e+00 9.346811004842928128e+01
9.500000000000000000e+00 9.487065623109216972e+01
9.600000000000001421e+00 9.617298627706426828e+01
9.700000000000001066e+00 9.735684692688401753e+01
9.800000000000000711e+00 9.840288462917210666e+01
9.900000000000000355e+00 9.929087686123138212e+01
1.000000000000000000e+01 1.000000000000000000e+02
