t = 9.080000
x    u(x,t)
0.000000000000000000e+00 0.000000000000000000e+00
1.000000000000000056e-01 1.385706501402514057e+00
2.000000000000000111e-01 2.771894894513083241e+00
3.000000000000000444e-01 4.159045964939704909e+00
4.000000000000000222e-01 5.547638284688570565e+00
5.000000000000000000e-01 6.938147101848477050e+00
6.000000000000000888e-01 8.331043226028587156e+00
7.000000000000000666e-01 9.726791908086168448e+00
8.000000000000000444e-01 1.112585171264122508e+01
9.000000000000000222e-01 1.252867338182664980e+01
1.000000000000000000e+00 1.393569868866693540e+01
1.100000000000000089e+00 1.534735927841646763e+01
1.200000000000000178e+00 1.676407549612138581e+01
1.300000000000000044e+00 1.818625519859874728e+01
1.400000000000000133e+00 1.961429254895411134e+01
1.500000000000000000e+00 2.104856679168650047e+01
1.600000000000000089e+00 2.248944100635896248e+01
1.700000000000000178e+00 2.393726083774591729e+01
1.800000000000000044e+00 2.539235320030768506e+01
1.900000000000000133e+00 2.685502495478918661e+01
2.000000000000000000e+00 2.832556155469679382e+01
2.100000000000000089e+00 2.980422566037693599e+01
2.200000000000000178e+00 3.129125571840312858e+01
2.300000000000000266e+00 3.278686450397928098e+01
2.400000000000000355e+00 3.429123762408569576e+01
2.500000000000000000e+00 3.580453197913463015e+01
2.600000000000000089e+00 3.732687418096478638e+01
2.700000000000000178e+00 3.885835892509192746e+01
2.800000000000000266e+00 4.039904731524669756e+01
2.900000000000000355e+00 4.194896513837205276e+01
3.000000000000000000e+00 4.350810108842439661e+01
3.100000000000000089e+00 4.507640493752371214e+01
3.200000000000000178e+00 4.665378565323093341e+01
3.300000000000000266e+00 4.824010946099601682e+01
3.400000000000000355e+00 4.983519785111695910e+01
3.500000000000000000e+00 5.143882552988086587e+01
3.600000000000000089e+00 5.305071831491945744e+01
3.700000000000000178e+00 5.467055097520646711e+01
3.800000000000000266e+00 5.629794501654951233e+01
3.900000000000000355e+00 5.793246641388346063e+01
4.000000000000000000e+00 5.957362329215639818e+01
4.100000000000000533e+00 6.122086355810863267e+01
4.200000000000000178e+00 6.287357248577993118e+01
4.299999999999999822e+00 6.453107025913483596e+01
4.400000000000000355e+00 6.619260947577097909e+01
4.500000000000000000e+00 6.785737261626472616e+01
4.600000000000000533e+00 6.952446948431038720e+01
4.700000000000000178e+00 7.119293462341769896e+01
4.800000000000000711e+00 7.286172471654705873e+01
4.900000000000000355e+00 7.452971597567231754e+01
5.000000000000000000e+00 7.619570152886993242e+01
5.100000000000000533e+00 7.785838881312807302e+01
5.200000000000000178e+00 7.951639698165139691e+01
5.300000000000000711e+00 8.116825433499691655e+01
5.400000000000000355e+00 8.281239578591129202e+01
5.500000000000000000e+00 8.444716036824173955e+01
5.600000000000000533e+00 8.607078880076025484e+01
5.700000000000000178e+00 8.768142111716322518e+01
5.800000000000000711e+00 8.927709437388656966e+01
5.900000000000000355e+00 9.085574044769899160e+01
6.000000000000000000e+00 9.241518393530397191e+01
6.100000000000000533e+00 9.395314016738427654e+01
6.200000000000000178e+00 9.546721334966153449e+01
6.300000000000000711e+00 9.695489484361063148e+01
6.400000000000000355e+00 9.841356159946155913e+01
6.500000000000000000e+00 9.984047475403802707e+01
6.600000000000000533e+00 1.012327784058170295e+02
6.700000000000000178e+00 1.025874985793487042e+02
6.800000000000000711e+00 1.039015423908447389e+02
6.900000000000000355e+00 1.051716974263296862e+02
7.000000000000000000e+00 1.063946313432499835e+02
7.100000000000000533e+00 1.075668917058512335e+02
7.200000000000000178e+00 1.086849060639677305e+02
7.300000000000000711e+00 1.097449822841175404e+02
7.400000000000000355e+00 1.107433091409695578e+02
7.500000000000000000e+00 1.116759571763434167e+02
7.600000000000000533e+00 1.125388798319271189e+02
7.700000000000000178e+00 1.133279148608533120e+02
7.800000000000000711e+00 1.140387860221679119e+02
7.900000000000000355e+00 1.146671050610631255e+02
8.000000000000000000e+00 1.152083739765332666e+02
8.099999999999999645e+00 1.156579875768571526e+02
8.200000000000001066e+00 1.160112363220194567e+02
8.300000000000000711e+00 1.162633094508665863e+02
8.400000000000000355e+00 1.164092983894548183e+02
8.500000000000000000e+00 1.164442004357023706e+02
8.599999999999999645e+00 1.163629227141102405e+02
8.700000000000001066e+00 1.161602863929764595e+02
8.800000000000000711e+00 1.158310311552068583e+02
8.900000000000000355e+00 1.153698199125309714e+02
9.000000000000000000e+00 1.147712437516727704e+02
9.099999999999999645e+00 1.140298270998121950e+02
9.200000000000001066e+00 1.131400330955150793e+02
9.300000000000000711e+00 1.120962691502115973e+02
9.400000000000000355e+00 1.108928926842789053e+02
9.500000000000000000e+00 1.095242170208355930e+02
9.600000000000001421e+00 1.079845174194958162e+02
9.700000000000001066e+00 1.062680372315620616e+02
9.800000000000000711e+00 1.043689941574653233e+02
9.900000000000000355e+00 1.022815865866946154e+02
1.000000000000000000e+01 1.000000000000000000e+02
