t = 8.900000
x    u(x,t)
0.000000000000000000e+00 0.000000000000000000e+00
1.000000000000000056e-01 1.363325667099134941e+00
2.000000000000000111e-01 2.727143126340981105e+00
3.000000000000000444e-01 4.091943075944591612e+00
4.000000000000000222e-01 5.458214024982243728e+00
5.000000000000000000e-01 6.826441195545073448e+00
6.000000000000000888e-01 8.197105420961211308e+00
7.000000000000000666e-01 9.570682038694071636e+00
8.000000000000000444e-01 1.094763977650129227e+01
9.000000000000000222e-01 1.232843963037739599e+01
1.000000000000000000e+00 1.371353373273685250e+01
1.100000000000000089e+00 1.510336420921987433e+01
1.200000000000000178e+00 1.649836202242227756e+01
1.300000000000000044e+00 1.789894580076536101e+01
1.400000000000000133e+00 1.930552065063260514e+01
1.500000000000000000e+00 2.071847694981023480e+01
1.600000000000000089e+00 2.213818912017958596e+01
1.700000000000000178e+00 2.356501437752267591e+01
1.800000000000000044e+00 2.499929145622182958e+01
1.900000000000000133e+00 2.644133930656035147e+01
2.000000000000000000e+00 2.789145576226776058e+01
2.100000000000000089e+00 2.934991617590184276e+01
2.200000000000000178e+00 3.081697201962284538e+01
2.300000000000000266e+00 3.229284944889565878e+01
2.400000000000000355e+00 3.377774782665543540e+01
2.500000000000000000e+00 3.527183820549343096e+01
2.600000000000000089e+00 3.677526176546522407e+01
2.700000000000000178e+00 3.828812820519429749e+01
2.800000000000000266e+00 3.981051408404353964e+01
2.900000000000000355e+00 4.134246111325494866e+01
3.000000000000000000e+00 4.288397439411853185e+01
3.100000000000000089e+00 4.443502060142308352e+01
3.200000000000000178e+00 4.599552611066771135e+01
3.300000000000000266e+00 4.756537506777423374e+01
3.400000000000000355e+00 4.914440740033489163e+01
3.500000000000000000e+00 5.073241676976226699e+01
3.600000000000000089e+00 5.232914846407372522e+01
3.700000000000000178e+00 5.393429723144458876e+01
3.800000000000000266e+00 5.554750505509974801e+01
3.900000000000000355e+00 5.716835887058179111e+01
4.000000000000000000e+00 5.879638822693405587e+01
4.100000000000000533e+00 6.043106289386724939e+01
4.200000000000000178e+00 6.207179041753554571e+01
4.299999999999999822e+00 6.371791362813080184e+01
4.400000000000000355e+00 6.536870810310691127e+01
4.500000000000000000e+00 6.702337959047044080e+01
4.600000000000000533e+00 6.868106139720991621e+01
4.700000000000000178e+00 7.034081174858488339e+01
4.800000000000000711e+00 7.200161112465035274e+01
4.900000000000000355e+00 7.366235958104780934e+01
5.000000000000000000e+00 7.532187406174685407e+01
5.100000000000000533e+00 7.697888571206520680e+01
5.200000000000000178e+00 7.863203720092440108e+01
5.300000000000000711e+00 8.027988006190901160e+01
5.400000000000000355e+00 8.192087206328122306e+01
5.500000000000000000e+00 8.355337461765617491e+01
5.600000000000000533e+00 8.517565024255999617e+01
5.700000000000000178e+00 8.678586008356522541e+01
5.800000000000000711e+00 8.838206151212366990e+01
5.900000000000000355e+00 8.996220581058672394e+01
6.000000000000000000e+00 9.152413595721409934e+01
6.100000000000000533e+00 9.306558452421793959e+01
6.200000000000000178e+00 9.458417170206550395e+01
6.300000000000000711e+00 9.607740346336566972e+01
6.400000000000000355e+00 9.754266987968809133e+01
6.500000000000000000e+00 9.897724360460586013e+01
6.600000000000000533e+00 1.003782785361089651e+02
6.700000000000000178e+00 1.017428086713058377e+02
6.800000000000000711e+00 1.030677471660093971e+02
6.900000000000000355e+00 1.043498856113934323e+02
7.000000000000000000e+00 1.055858935394033864e+02
7.100000000000000533e+00 1.067723181680123616e+02
7.200000000000000178e+00 1.079055843967303616e+02
7.300000000000000711e+00 1.089819950620026532e+02
7.400000000000000355e+00 1.099977314612765440e+02
7.500000000000000000e+00 1.109488541535751551e+02
7.600000000000000533e+00 1.118313040433981769e+02
7.700000000000000178e+00 1.126409037536773923e+02
7.800000000000000711e+00 1.133733592923532143e+02
7.900000000000000355e+00 1.140242620159157809e+02
8.000000000000000000e+00 1.145890908919761415e+02
8.099999999999999645e+00 1.150632150616060443e+02
8.200000000000001066e+00 1.154418967008211752e+02
8.300000000000000711e+00 1.157202941791842932e+02
8.400000000000000355e+00 1.158934655120875874e+02
8.500000000000000000e+00 1.159563721018420068e+02
8.599999999999999645e+00 1.159038827612681217e+02
8.700000000000001066e+00 1.157307780120568310e+02
8.800000000000000711e+00 1.154317546487582291e+02
8.900000000000000355e+00 1.150014305578766312e+02
9.000000000000000000e+00 1.144343497802042435e+02
9.099999999999999645e+00 1.137249878032296948e+02
9.200000000000001066e+00 1.128677570692180012e+02
9.300000000000000711e+00 1.118570126833845393e+02
9.400000000000000355e+00 1.106870583054879802e+02
9.500000000000000000e+00 1.093521522071528409e+02
9.600000000000001421e+00 1.078465134763087434e+02
9.700000000000001066e+00 1.061643283493111198e+02
9.800000000000000711e+00 1.042997566505875398e+02
9.900000000000000355e+00 1.022469383190474588e+02
1.000000000000000000e+01 1.000000000000000000e+02
