t = 3.560000
x    u(x,t)
0.000000000000000000e+00 0.000000000000000000e+00
1.000000000000000056e-01 6.571595102089038409e-01
2.000000000000000111e-01 1.315164757542667928e+00
3.000000000000000444e-01 1.974859100496954012e+00
4.000000000000000222e-01 2.637081160296812943e+00
5.000000000000000000e-01 3.302662501944338302e+00
6.000000000000000888e-01 3.972425374089108008e+00
7.000000000000000666e-01 4.647180526017218760e+00
8.000000000000000444e-01 5.327725118962180595e+00
9.000000000000000222e-01 6.014840747614051963e+00
1.000000000000000000e+00 6.709291586166412635e+00
1.100000000000000089e+00 7.411822671521759887e+00
1.200000000000000178e+00 8.123158334405218284e+00
1.300000000000000044e+00 8.844000787146526932e+00
1.400000000000000133e+00 9.575028874814442759e+00
1.500000000000000000e+00 1.031689699425998086e+01
1.600000000000000089e+00 1.107023418347839439e+01
1.700000000000000178e+00 1.183564338156618589e+01
1.800000000000000044e+00 1.261370085745905989e+01
1.900000000000000133e+00 1.340495580361579542e+01
2.000000000000000000e+00 1.420993008888619613e+01
2.100000000000000089e+00 1.502911816298776415e+01
2.200000000000000178e+00 1.586298710333155704e+01
2.300000000000000266e+00 1.671197679339472941e+01
2.400000000000000355e+00 1.757650022044146709e+01
2.500000000000000000e+00 1.845694387914916845e+01
2.600000000000000089e+00 1.935366826659983275e+01
2.700000000000000178e+00 2.026700845314295663e+01
2.800000000000000266e+00 2.119727471281540332e+01
2.900000000000000355e+00 2.214475319630368944e+01
3.000000000000000000e+00 2.310970662883948634e+01
3.100000000000000089e+00 2.409237501491258016e+01
3.200000000000000178e+00 2.509297633124869975e+01
3.300000000000000266e+00 2.611170718911351685e+01
3.400000000000000355e+00 2.714874344664933048e+01
3.500000000000000000e+00 2.820424075161110267e+01
3.600000000000000089e+00 2.927833499452577826e+01
3.700000000000000178e+00 3.037114265194137985e+01
3.800000000000000266e+00 3.148276099904906289e+01
3.900000000000000355e+00 3.261326817054588645e+01
4.000000000000000000e+00 3.376272304815757508e+01
4.100000000000000533e+00 3.493116495276136391e+01
4.200000000000000178e+00 3.611861311854899981e+01
4.299999999999999822e+00 3.732506592616255858e+01
4.400000000000000355e+00 3.855049987124283462e+01
4.500000000000000000e+00 3.979486824437795889e+01
4.600000000000000533e+00 4.105809949806112513e+01
4.700000000000000178e+00 4.234009527599977929e+01
4.800000000000000711e+00 4.364072808000855019e+01
4.900000000000000355e+00 4.495983854981209049e+01
5.000000000000000000e+00 4.629723233143656813e+01
5.100000000000000533e+00 4.765267651053193276e+01
5.200000000000000178e+00 4.902589558800355718e+01
5.300000000000000711e+00 5.041656697679381693e+01
5.400000000000000355e+00 5.182431600060262156e+01
5.500000000000000000e+00 5.324871037782267535e+01
5.600000000000000533e+00 5.468925417703909631e+01
5.700000000000000178e+00 5.614538123414908455e+01
5.800000000000000711e+00 5.761644802552649480e+01
5.900000000000000355e+00 5.910172599671349758e+01
6.000000000000000000e+00 6.060039335187835974e+01
6.100000000000000533e+00 6.211152631572876004e+01
6.200000000000000178e+00 6.363408988669597477e+01
6.300000000000000711e+00 6.516692810796662627e+01
6.400000000000000355e+00 6.670875389128006816e+01
6.500000000000000000e+00 6.825813843725198637e+01
6.600000000000000533e+00 6.981350030523212524e+01
6.700000000000000178e+00 7.137309419523694487e+01
6.800000000000000711e+00 7.293499951417894067e+01
6.900000000000000355e+00 7.449710880828685333e+01
7.000000000000000000e+00 7.605711615310131890e+01
7.100000000000000533e+00 7.761250560155042422e+01
7.200000000000000178e+00 7.916053979916080152e+01
7.300000000000000711e+00 8.069824888323441314e+01
7.400000000000000355e+00 8.222241978960856557e+01
7.500000000000000000e+00 8.372958609620891934e+01
7.600000000000000533e+00 8.521601853679763394e+01
7.700000000000000178e+00 8.667771632092154732e+01
7.800000000000000711e+00 8.811039939690215306e+01
7.900000000000000355e+00 8.950950179363172765e+01
8.000000000000000000e+00 9.087016617381972594e+01
8.099999999999999645e+00 9.218723972608481176e+01
8.200000000000001066e+00 9.345527151585257286e+01
8.300000000000000711e+00 9.466851140538683751e+01
8.400000000000000355e+00 9.582091064148453086e+01
8.500000000000000000e+00 9.690612419547655065e+01
8.599999999999999645e+00 9.791751492432656789e+01
8.700000000000001066e+00 9.884815960397460799e+01
8.800000000000000711e+00 9.969085686685009762e+01
8.900000000000000355e+00 1.004381370549381671e+02
9.000000000000000000e+00 1.010822739782188506e+02
9.099999999999999645e+00 1.016152985460435758e+02
9.200000000000001066e+00 1.020290142164209328e+02
9.300000000000000711e+00 1.023150141856337001e+02
9.400000000000000355e+00 1.024647002184870530e+02
9.500000000000000000e+00 1.024693029981875014e+02
9.600000000000001421e+00 1.023199038547581523e+02
9.700000000000001066e+00 1.020074577123800168e+02
9.800000000000000711e+00 1.015228170794589886e+02
9.900000000000000355e+00 1.008567568908700025e+02
1.000000000000000000e+01 1.000000000000000000e+02
