t = 9.970000
x    u(x,t)
0.000000000000000000e+00 0.000000000000000000e+00
1.000000000000000056e-01 1.495029125865246833e+00
2.000000000000000111e-01 2.990489405252794608e+00
3.000000000000000444e-01 4.486810815574443723e+00
4.000000000000000222e-01 5.984420980332664897e+00
5.000000000000000000e-01 7.483743987942187204e+00
6.000000000000000888e-01 8.985199205474913242e+00
7.000000000000000666e-01 1.048920008562284600e+01
8.000000000000000444e-01 1.199615296516321905e+01
9.000000000000000222e-01 1.350645585319790598e+01
1.000000000000000000e+00 1.502049720742626526e+01
1.100000000000000089e+00 1.653865469669743149e+01
1.200000000000000178e+00 1.806129394807536315e+01
1.300000000000000044e+00 1.958876727663952622e+01
1.400000000000000133e+00 2.112141239623574052e+01
1.500000000000000000e+00 2.265955110938783434e+01
1.600000000000000089e+00 2.420348797458180812e+01
1.700000000000000178e+00 2.575350894914147659e+01
1.800000000000000044e+00 2.730988000593007925e+01
1.900000000000000133e+00 2.887284572213629019e+01
2.000000000000000000e+00 3.044262783843795717e+01
2.100000000000000089e+00 3.201942378688342927e+01
2.200000000000000178e+00 3.360340518588962766e+01
2.300000000000000266e+00 3.519471630083032210e+01
2.400000000000000355e+00 3.679347246877738087e+01
2.500000000000000000e+00 3.839975848606410125e+01
2.600000000000000089e+00 4.001362695746411191e+01
2.700000000000000178e+00 4.163509660592207950e+01
2.800000000000000266e+00 4.326415054193530807e+01
2.900000000000000355e+00 4.490073449186811416e+01
3.000000000000000000e+00 4.654475498468468686e+01
3.100000000000000089e+00 4.819607749681153308e+01
3.200000000000000178e+00 4.985452455508698932e+01
3.300000000000000266e+00 5.151987379802366718e+01
3.400000000000000355e+00 5.319185599589877000e+01
3.500000000000000000e+00 5.487015303049772541e+01
3.600000000000000089e+00 5.655439583566700179e+01
3.700000000000000178e+00 5.824416230018185558e+01
3.800000000000000266e+00 5.993897513480314387e+01
3.900000000000000355e+00 6.163829970578212425e+01
4.000000000000000000e+00 6.334154183747254763e+01
4.100000000000000533e+00 6.504804558712395135e+01
4.200000000000000178e+00 6.675709099535490054e+01
4.299999999999999822e+00 6.846789181624036758e+01
4.400000000000000355e+00 7.017959323138843786e+01
4.500000000000000000e+00 7.189126955282731046e+01
4.600000000000000533e+00 7.360192191997107614e+01
4.700000000000000178e+00 7.531047599637638257e+01
4.800000000000000711e+00 7.701577967244347178e+01
4.900000000000000355e+00 7.871660078064523702e+01
5.000000000000000000e+00 8.041162483028863051e+01
5.100000000000000533e+00 8.209945276921567370e+01
5.200000000000000178e+00 8.377859878023743079e+01
5.300000000000000711e+00 8.544748812045547481e+01
5.400000000000000355e+00 8.710445501196134899e+01
5.500000000000000000e+00 8.874774059271086912e+01
5.600000000000000533e+00 9.037549093664034672e+01
5.700000000000000178e+00 9.198575515232842292e+01
5.800000000000000711e+00 9.357648356969950498e+01
5.900000000000000355e+00 9.514552602441607121e+01
6.000000000000000000e+00 9.669063024971002562e+01
6.100000000000000533e+00 9.820944038545687249e+01
6.200000000000000178e+00 9.969949561429808682e+01
6.300000000000000711e+00 1.011582289345637378e+02
6.400000000000000355e+00 1.025829660796377993e+02
6.500000000000000000e+00 1.039709245932412642e+02
6.600000000000000533e+00 1.053192130698801776e+02
6.700000000000000178e+00 1.066248305694205527e+02
6.800000000000000711e+00 1.078846662144017756e+02
6.900000000000000355e+00 1.090954989782946427e+02
7.000000000000000000e+00 1.102539976724394677e+02
7.100000000000000533e+00 1.113567211388740219e+02
7.200000000000000178e+00 1.124001186556751719e+02
7.300000000000000711e+00 1.133805305607966574e+02
7.400000000000000355e+00 1.142941890996917209e+02
7.500000000000000000e+00 1.151372195012632034e+02
7.600000000000000533e+00 1.159056412858905247e+02
7.700000000000000178e+00 1.165953698084478987e+02
7.800000000000000711e+00 1.172022180383494145e+02
7.900000000000000355e+00 1.177218985777466997e+02
8.000000000000000000e+00 1.181500259180620702e+02
8.099999999999999645e+00 1.184821189340728722e+02
8.200000000000001066e+00 1.187136036137765132e+02
8.300000000000000711e+00 1.188398160212642551e+02
8.400000000000000355e+00 1.188560054888237971e+02
8.500000000000000000e+00 1.187573380334800248e+02
8.599999999999999645e+00 1.185388999921778321e+02
8.700000000000001066e+00 1.181957018688161725e+02
8.800000000000000711e+00 1.177226823853651041e+02
8.900000000000000355e+00 1.171147127283435196e+02
9.000000000000000000e+00 1.163666009810125672e+02
9.099999999999999645e+00 1.154730967307507967e+02
9.200000000000001066e+00 1.144288958402338778e+02
9.300000000000000711e+00 1.132286453702426172e+02
9.400000000000000355e+00 1.118669486411804002e+02
9.500000000000000000e+00 1.103383704196952237e+02
9.600000000000001421e+00 1.086374422161804318e+02
9.700000000000001066e+00 1.067586676783734845e+02
9.800000000000000711e+00 1.046965280657897353e+02
9.900000000000000355e+00 1.024454877893211062e+02
1.000000000000000000e+01 1.000000000000000000e+02
