t = 0.980000
x    u(x,t)
0.000000000000000000e+00 0.000000000000000000e+00
1.000000000000000056e-01 2.561082707671674674e-01
2.000000000000000111e-01 5.138284749132385754e-01
3.000000000000000444e-01 7.747560574368961284e-01
4.000000000000000222e-01 1.040453994212641176e+00
5.000000000000000000e-01 1.312437800386776487e+00
6.000000000000000888e-01 1.592161959041292096e+00
7.000000000000000666e-01 1.881008130237376896e+00
8.000000000000000444e-01 2.180275413877203139e+00
9.000000000000000222e-01 2.491172843406546544e+00
1.000000000000000000e+00 2.814814187546599289e+00
1.100000000000000089e+00 3.152215040194762619e+00
1.200000000000000178e+00 3.504292089963472190e+00
1.300000000000000044e+00 3.871864385112349982e+00
1.400000000000000133e+00 4.255656350157834389e+00
1.500000000000000000e+00 4.656302269068846478e+00
1.600000000000000089e+00 5.074351927097197290e+00
1.700000000000000178e+00 5.510277098061664880e+00
1.800000000000000044e+00 5.964478574340113859e+00
1.900000000000000133e+00 6.437293460171092718e+00
2.000000000000000000e+00 6.929002481904428024e+00
2.100000000000000089e+00 7.439837108195096249e+00
2.200000000000000178e+00 7.969986315557003209e+00
2.300000000000000266e+00 8.519602877284153664e+00
2.400000000000000355e+00 9.088809094110105846e+00
2.500000000000000000e+00 9.677701921307834354e+00
2.600000000000000089e+00 1.028635747803548739e+01
2.700000000000000178e+00 1.091483494999005543e+01
2.800000000000000266e+00 1.156317991572247905e+01
2.900000000000000355e+00 1.223142714057761005e+01
3.000000000000000000e+00 1.291960289072628143e+01
3.100000000000000089e+00 1.362772682391199552e+01
3.200000000000000178e+00 1.435581351418495011e+01
3.300000000000000266e+00 1.510387366588992997e+01
3.400000000000000355e+00 1.587191506830370713e+01
3.500000000000000000e+00 1.665994333727967813e+01
3.600000000000000089e+00 1.746796248462915102e+01
3.700000000000000178e+00 1.829597535020327470e+01
3.800000000000000266e+00 1.914398392606840815e+01
3.900000000000000355e+00 2.001198959701328661e+01
4.000000000000000000e+00 2.089999331702204088e+01
4.100000000000000533e+00 2.180799573735053798e+01
4.200000000000000178e+00 2.273599729846059248e+01
4.299999999999999822e+00 2.368399829526411082e+01
4.400000000000000355e+00 2.465199892284947225e+01
4.500000000000000000e+00 2.563999930803614902e+01
4.600000000000000533e+00 2.664799953065235272e+01
4.700000000000000178e+00 2.767599963727894163e+01
4.800000000000000711e+00 2.872399964927265970e+01
4.900000000000000355e+00 2.979199956609955890e+01
5.000000000000000000e+00 3.087999936429726588e+01
5.100000000000000533e+00 3.198799899166355232e+01
5.200000000000000178e+00 3.311599835544675585e+01
5.300000000000000711e+00 3.426399730228390439e+01
5.400000000000000355e+00 3.543199558626177748e+01
5.500000000000000000e+00 3.661999281959757013e+01
5.600000000000000533e+00 3.782798839783245626e+01
5.700000000000000178e+00 3.905598138783312123e+01
5.800000000000000711e+00 4.030397036195682858e+01
5.900000000000000355e+00 4.157195315503063426e+01
6.000000000000000000e+00 4.285992651181086899e+01
6.100000000000000533e+00 4.416788558071842630e+01
6.200000000000000178e+00 4.549582319420010634e+01
6.300000000000000711e+00 4.684372885629568373e+01
6.400000000000000355e+00 4.821158733311894906e+01
6.500000000000000000e+00 4.959937671125915415e+01
6.600000000000000533e+00 5.100706575197285275e+01
6.700000000000000178e+00 5.243461032512476550e+01
6.800000000000000711e+00 5.388194865621140650e+01
6.900000000000000355e+00 5.534899506312468276e+01
7.000000000000000000e+00 5.683563179803748966e+01
7.100000000000000533e+00 5.834169854637877251e+01
7.200000000000000178e+00 5.986697907296014165e+01
7.300000000000000711e+00 6.141118444989717062e+01
7.400000000000000355e+00 6.297393225839368114e+01
7.500000000000000000e+00 6.455472113438787574e+01
7.600000000000000533e+00 6.615290003521195672e+01
7.700000000000000178e+00 6.776763165012594925e+01
7.800000000000000711e+00 6.939784947112701730e+01
7.900000000000000355e+00 7.104220819014585686e+01
8.000000000000000000e+00 7.269902730094841559e+01
8.099999999999999645e+00 7.436622806188164247e+01
8.200000000000001066e+00 7.604126431774091088e+01
8.300000000000000711e+00 7.772104807867788168e+01
8.400000000000000355e+00 7.940187119806867599e+01
8.500000000000000000e+00 8.107932495975681775e+01
8.599999999999999645e+00 8.274821985173565508e+01
8.700000000000001066e+00 8.440250823623537713e+01
8.800000000000000711e+00 8.603521298959772423e+01
8.900000000000000355e+00 8.763836544214191804e+01
9.000000000000000000e+00 8.920295606301210967e+01
9.099999999999999645e+00 9.071890127747150245e+01
9.200000000000001066e+00 9.217502955264876618e+01
9.300000000000000711e+00 9.355908943261066213e+01
9.400000000000000355e+00 9.485778154945373331e+01
9.500000000000000000e+00 9.605681580425411425e+01
9.600000000000001421e+00 9.714099393633871671e+01
9.700000000000001066e+00 9.809431663180559724e+01
9.800000000000000711e+00 9.890011322404541261e+01
9.900000000000000355e+00 9.954119097843872055e+01
1.000000000000000000e+01 1.000000000000000000e+02
