t = 2.730000
x    u(x,t)
0.000000000000000000e+00 0.000000000000000000e+00
1.000000000000000056e-01 5.367449957844564468e-01
2.000000000000000111e-01 1.074455791800842608e+00
3.000000000000000444e-01 1.614094647321028253e+00
4.000000000000000222e-01 2.156616778685557900e+00
5.000000000000000000e-01 2.702966934593026060e+00
6.000000000000000888e-01 3.254076085506491189e+00
7.000000000000000666e-01 3.810858261955583970e+00
8.000000000000000444e-01 4.374207573825775519e+00
9.000000000000000222e-01 4.944995439497338552e+00
1.000000000000000000e+00 5.524068050006234465e+00
1.100000000000000089e+00 6.112244089337862007e+00
1.200000000000000178e+00 6.710312727629838214e+00
1.300000000000000044e+00 7.319031899553626985e+00
1.400000000000000133e+00 7.939126875569273878e+00
1.500000000000000000e+00 8.571289129203734092e+00
1.600000000000000089e+00 9.216175499086810774e+00
1.700000000000000178e+00 9.874407640277620857e+00
1.800000000000000044e+00 1.054657175550747183e+01
1.900000000000000133e+00 1.123321859341811368e+01
2.000000000000000000e+00 1.193486369774126032e+01
2.100000000000000089e+00 1.265198788868553770e+01
2.200000000000000178e+00 1.338503795559466525e+01
2.300000000000000266e+00 1.413442753822690712e+01
2.400000000000000355e+00 1.490053817277594028e+01
2.500000000000000000e+00 1.568372047799053171e+01
2.600000000000000089e+00 1.648429545642567007e+01
2.700000000000000178e+00 1.730255588593111682e+01
2.800000000000000266e+00 1.813876777690613196e+01
2.900000000000000355e+00 1.899317187156524511e+01
3.000000000000000000e+00 1.986598516240884038e+01
3.100000000000000089e+00 2.075740240820827509e+01
3.200000000000000178e+00 2.166759762703316738e+01
3.300000000000000266e+00 2.259672554710092029e+01
3.400000000000000355e+00 2.354492299745114892e+01
3.500000000000000000e+00 2.451231022157879025e+01
3.600000000000000089e+00 2.549899209814136825e+01
3.700000000000000178e+00 2.650505925363540882e+01
3.800000000000000266e+00 2.753058905246943411e+01
3.900000000000000355e+00 2.857564645010491944e+01
4.000000000000000000e+00 2.964028469486313710e+01
4.100000000000000533e+00 3.072454586357951811e+01
4.200000000000000178e+00 3.182846121551547114e+01
4.299999999999999822e+00 3.295205134780449185e+01
4.400000000000000355e+00 3.409532613422102543e+01
4.500000000000000000e+00 3.525828442723270228e+01
4.600000000000000533e+00 3.644091350115655104e+01
4.700000000000000178e+00 3.764318821182618535e+01
4.800000000000000711e+00 3.886506984554294064e+01
4.900000000000000355e+00 4.010650462729258692e+01
5.000000000000000000e+00 4.136742185534007632e+01
5.100000000000000533e+00 4.264773162645918347e+01
5.200000000000000178e+00 4.394732211331842819e+01
5.300000000000000711e+00 4.526605635304805730e+01
5.400000000000000355e+00 4.660376850388808379e+01
5.500000000000000000e+00 4.796025952520783164e+01
5.600000000000000533e+00 4.933529223524698892e+01
5.700000000000000178e+00 5.072858570081799456e+01
5.800000000000000711e+00 5.213980891409389784e+01
5.900000000000000355e+00 5.356857371365064324e+01
6.000000000000000000e+00 5.501442691029811272e+01
6.100000000000000533e+00 5.647684158307008317e+01
6.200000000000000178e+00 5.795520751718471786e+01
6.300000000000000711e+00 5.944882076394453918e+01
6.400000000000000355e+00 6.095687231249902993e+01
6.500000000000000000e+00 6.247843587519135866e+01
6.600000000000000533e+00 6.401245480184773839e+01
6.700000000000000178e+00 6.555772815380012730e+01
6.800000000000000711e+00 6.711289598554645863e+01
6.900000000000000355e+00 6.867642390058325930e+01
7.000000000000000000e+00 7.024658696785785139e+01
7.100000000000000533e+00 7.182145310618005851e+01
7.200000000000000178e+00 7.339886606544317260e+01
7.300000000000000711e+00 7.497642815519800763e+01
7.400000000000000355e+00 7.655148289251630445e+01
7.500000000000000000e+00 7.812109776163440245e+01
7.600000000000000533e+00 7.968204729700624966e+01
7.700000000000000178e+00 8.123079671851715489e+01
7.800000000000000711e+00 8.276348636210369136e+01
7.900000000000000355e+00 8.427591716028661040e+01
8.000000000000000000e+00 8.576353743457939061e+01
8.099999999999999645e+00 8.722143126485264020e+01
8.200000000000001066e+00 8.864430869905957877e+01
8.300000000000000711e+00 9.002649805988492915e+01
8.400000000000000355e+00 9.136194059260883193e+01
8.500000000000000000e+00 9.264418768063799803e+01
8.599999999999999645e+00 9.386640083175076654e+01
8.700000000000001066e+00 9.502135460927590316e+01
8.800000000000000711e+00 9.610144264848177897e+01
8.900000000000000355e+00 9.709868685985036052e+01
9.000000000000000000e+00 9.800474987825546691e+01
9.099999999999999645e+00 9.881095077111044134e+01
9.200000000000001066e+00 9.950828397016795179e+01
9.300000000000000711e+00 1.000874413418279119e+02
9.400000000000000355e+00 1.005388372605997063e+02
9.500000000000000000e+00 1.008526365008861347e+02
9.600000000000001421e+00 1.010187847146463156e+02
9.700000000000001066e+00 1.010270412178733039e+02
9.800000000000000711e+00 1.008670137682701977e+02
9.900000000000000355e+00 1.005281949810188564e+02
1.000000000000000000e+01 1.000000000000000000e+02
