t = 5.910000
x    u(x,t)
0.000000000000000000e+00 0.000000000000000000e+00
1.000000000000000056e-01 9.788975473704641939e-01
2.000000000000000111e-01 1.958448346496806991e+00
3.000000000000000444e-01 2.939304454136075329e+00
4.000000000000000222e-01 3.922115541042514142e+00
5.000000000000000000e-01 4.907527708886435747e+00
6.000000000000000888e-01 5.896182318890715202e+00
7.000000000000000666e-01 6.888714835781404311e+00
8.000000000000000444e-01 7.885753690387195647e+00
9.000000000000000222e-01 8.887919163899567820e+00
1.000000000000000000e+00 9.895822296424263698e+00
1.100000000000000089e+00 1.091006382201847202e+01
1.200000000000000178e+00 1.193123313192051249e+01
1.300000000000000044e+00 1.295990726714432739e+01
1.400000000000000133e+00 1.399664994103400240e+01
1.500000000000000000e+00 1.504201059175913713e+01
1.600000000000000089e+00 1.609652346408541490e+01
1.700000000000000178e+00 1.716070671908149592e+01
1.800000000000000044e+00 1.823506156972997871e+01
1.900000000000000133e+00 1.932007143970175989e+01
2.000000000000000000e+00 2.041620114183697154e+01
2.100000000000000089e+00 2.152389607215743794e+01
2.200000000000000178e+00 2.264358141452223805e+01
2.300000000000000266e+00 2.377566135033642780e+01
2.400000000000000355e+00 2.492051826703916007e+01
2.500000000000000000e+00 2.607851195843918291e+01
2.600000000000000089e+00 2.724997880933940664e+01
2.700000000000000178e+00 2.843523095630448339e+01
2.800000000000000266e+00 2.963455541588399456e+01
2.900000000000000355e+00 3.084821317111417116e+01
3.000000000000000000e+00 3.207643820669237300e+01
3.100000000000000089e+00 3.331943648285458437e+01
3.200000000000000178e+00 3.457738483769684024e+01
3.300000000000000266e+00 3.585042980747086716e+01
3.400000000000000355e+00 3.713868635426021569e+01
3.500000000000000000e+00 3.844223649041175150e+01
3.600000000000000089e+00 3.976112778916490242e+01
3.700000000000000178e+00 4.109537177109251616e+01
3.800000000000000266e+00 4.244494215625005040e+01
3.900000000000000355e+00 4.380977297232591638e+01
4.000000000000000000e+00 4.518975650960386758e+01
4.100000000000000533e+00 4.658474111418885855e+01
4.200000000000000178e+00 4.799452881171639973e+01
4.299999999999999822e+00 4.941887275466329044e+01
4.400000000000000355e+00 5.085747448740765719e+01
4.500000000000000000e+00 5.230998102434818975e+01
4.600000000000000533e+00 5.377598173768664225e+01
4.700000000000000178e+00 5.525500505290128928e+01
4.800000000000000711e+00 5.674651495149090152e+01
4.900000000000000355e+00 5.824990728224220504e+01
5.000000000000000000e+00 5.976450588406480335e+01
5.100000000000000533e+00 6.128955852533569981e+01
5.200000000000000178e+00 6.282423266669514561e+01
5.300000000000000711e+00 6.436761105632082547e+01
5.400000000000000355e+00 6.591868716886844481e+01
5.500000000000000000e+00 6.747636050148763331e+01
5.600000000000000533e+00 6.903943174258407112e+01
5.700000000000000178e+00 7.060659783128699019e+01
5.800000000000000711e+00 7.217644692787061445e+01
5.900000000000000355e+00 7.374745331764952994e+01
6.000000000000000000e+00 7.531797227309839116e+01
6.100000000000000533e+00 7.688623490110731495e+01
6.200000000000000178e+00 7.845034300435486330e+01
6.300000000000000711e+00 8.000826398772888126e+01
6.400000000000000355e+00 8.155782584252854406e+01
6.500000000000000000e+00 8.309671224280917556e+01
6.600000000000000533e+00 8.462245778965751697e+01
6.700000000000000178e+00 8.613244344038426448e+01
6.800000000000000711e+00 8.762389216056368468e+01
6.900000000000000355e+00 8.909386483751711694e+01
7.000000000000000000e+00 9.053925649420150989e+01
7.100000000000000533e+00 9.195679284250731200e+01
7.200000000000000178e+00 9.334302721467523156e+01
7.300000000000000711e+00 9.469433791089068109e+01
7.400000000000000355e+00 9.600692600010040678e+01
7.500000000000000000e+00 9.727681360970780133e+01
7.600000000000000533e+00 9.849984273803816848e+01
7.700000000000000178e+00 9.967167462132555045e+01
7.800000000000000711e+00 1.007877896844606340e+02
7.900000000000000355e+00 1.018434881018673650e+02
8.000000000000000000e+00 1.028338909916568582e+02
8.099999999999999645e+00 1.037539422626613401e+02
8.200000000000001066e+00 1.045984111301017947e+02
8.300000000000000711e+00 1.053618953115188646e+02
8.400000000000000355e+00 1.060388249102309857e+02
8.500000000000000000e+00 1.066234669890118596e+02
8.599999999999999645e+00 1.071099308319455190e+02
8.700000000000001066e+00 1.074921738875591330e+02
8.800000000000000711e+00 1.077640083814041816e+02
8.900000000000000355e+00 1.079191085812997528e+02
9.000000000000000000e+00 1.079510186935206235e+02
9.099999999999999645e+00 1.078531613633566053e+02
9.200000000000001066e+00 1.076188467487418876e+02
9.300000000000000711e+00 1.072412821311034605e+02
9.400000000000000355e+00 1.067135820232562082e+02
9.500000000000000000e+00 1.060287787301280389e+02
9.600000000000001421e+00 1.051798333143759265e+02
9.700000000000001066e+00 1.041596469155966389e+02
9.800000000000000711e+00 1.029610723688804512e+02
9.900000000000000355e+00 1.015769260659405688e+02
1.000000000000000000e+01 1.000000000000000000e+02
