t = 8.950000
x    u(x,t)
0.000000000000000000e+00 0.000000000000000000e+00
1.000000000000000056e-01 1.369551496862345674e+00
2.000000000000000111e-01 2.739592046687870930e+00
3.000000000000000444e-01 4.110609605227033114e+00
4.000000000000000222e-01 5.483089932475277095e+00
5.000000000000000000e-01 6.857515491459809986e+00
6.000000000000000888e-01 8.234364342990710739e+00
7.000000000000000666e-01 9.614109034977094126e+00
8.000000000000000444e-01 1.099721548486403222e+01
9.000000000000000222e-01 1.238414185369114584e+01
1.000000000000000000e+00 1.377533741021036917e+01
1.100000000000000089e+00 1.517124138342968465e+01
1.200000000000000178e+00 1.657228180187255262e+01
1.300000000000000044e+00 1.797887431776161193e+01
1.400000000000000133e+00 1.939142101425094467e+01
1.500000000000000000e+00 2.081030919374641996e+01
1.600000000000000089e+00 2.223591014526963505e+01
1.700000000000000178e+00 2.366857788874028401e+01
1.800000000000000044e+00 2.510864789397659536e+01
1.900000000000000133e+00 2.655643577214566164e+01
2.000000000000000000e+00 2.801223593733783090e+01
2.100000000000000089e+00 2.947632023589407524e+01
2.200000000000000178e+00 3.094893654108393477e+01
2.300000000000000266e+00 3.243030731071831241e+01
2.400000000000000355e+00 3.392062810528630479e+01
2.500000000000000000e+00 3.542006606423217363e+01
2.600000000000000089e+00 3.692875833803873320e+01
2.700000000000000178e+00 3.844681047385956418e+01
2.800000000000000266e+00 3.997429475254571685e+01
2.900000000000000355e+00 4.151124847504463844e+01
3.000000000000000000e+00 4.305767219631280796e+01
3.100000000000000089e+00 4.461352790507810795e+01
3.200000000000000178e+00 4.617873714801641682e+01
3.300000000000000266e+00 4.775317909716883236e+01
3.400000000000000355e+00 4.933668855972189249e+01
3.500000000000000000e+00 5.092905392960462763e+01
3.600000000000000089e+00 5.253001508072089365e+01
3.700000000000000178e+00 5.413926120203566228e+01
3.800000000000000266e+00 5.575642857516641726e+01
3.900000000000000355e+00 5.738109829559538611e+01
4.000000000000000000e+00 5.901279393911435278e+01
4.100000000000000533e+00 6.065097917563790020e+01
4.200000000000000178e+00 6.229505533307231957e+01
4.299999999999999822e+00 6.394435891450173415e+01
4.400000000000000355e+00 6.559815907254917988e+01
4.500000000000000000e+00 6.725565504538374739e+01
4.600000000000000533e+00 6.891597355947251913e+01
4.700000000000000178e+00 7.057816620481239056e+01
4.800000000000000711e+00 7.224120678902085047e+01
4.900000000000000355e+00 7.390398867730715438e+01
5.000000000000000000e+00 7.556532212598585829e+01
5.100000000000000533e+00 7.722393161782439108e+01
5.200000000000000178e+00 7.887845320813256933e+01
5.300000000000000711e+00 8.052743189109772004e+01
5.400000000000000355e+00 8.216931899643927295e+01
5.500000000000000000e+00 8.380246962699565927e+01
5.600000000000000533e+00 8.542514014835805369e+01
5.700000000000000178e+00 8.703548574212497613e+01
5.800000000000000711e+00 8.863155803476256267e+01
5.900000000000000355e+00 9.021130281441205057e+01
6.000000000000000000e+00 9.177255784828466290e+01
6.100000000000000533e+00 9.331305081351770525e+01
6.200000000000000178e+00 9.483039735453067465e+01
6.300000000000000711e+00 9.632209928001272203e+01
6.400000000000000355e+00 9.778554291268714849e+01
6.500000000000000000e+00 9.921799760493318843e+01
6.600000000000000533e+00 1.006166144331955508e+02
6.700000000000000178e+00 1.019784250838778235e+02
6.800000000000000711e+00 1.033003409430914843e+02
6.900000000000000355e+00 1.045791524022210837e+02
7.000000000000000000e+00 1.058115283907643942e+02
7.100000000000000533e+00 1.069940161473157900e+02
7.200000000000000178e+00 1.081230412388822231e+02
7.300000000000000711e+00 1.091949078379557250e+02
7.400000000000000355e+00 1.102057992659174062e+02
7.500000000000000000e+00 1.111517788104175537e+02
7.600000000000000533e+00 1.120287908233694765e+02
7.700000000000000178e+00 1.128326621051164551e+02
7.800000000000000711e+00 1.135591035791849635e+02
7.900000000000000355e+00 1.142037122608318356e+02
8.000000000000000000e+00 1.147619735213330472e+02
8.099999999999999645e+00 1.152292636486565840e+02
8.200000000000001066e+00 1.156008527038166136e+02
8.300000000000000711e+00 1.158719076708334796e+02
8.400000000000000355e+00 1.160374958968276360e+02
8.500000000000000000e+00 1.160925888173695313e+02
8.599999999999999645e+00 1.160320659607983345e+02
8.700000000000001066e+00 1.158507192238210024e+02
8.800000000000000711e+00 1.155432574093189686e+02
8.900000000000000355e+00 1.151043110159326375e+02
9.000000000000000000e+00 1.145284372676745051e+02
9.099999999999999645e+00 1.138101253705486471e+02
9.200000000000001066e+00 1.129438019819372414e+02
9.300000000000000711e+00 1.119238368773638683e+02
9.400000000000000355e+00 1.107445487981661216e+02
9.500000000000000000e+00 1.094002114626140951e+02
9.600000000000001421e+00 1.078850597221074992e+02
9.700000000000001066e+00 1.061932958432758767e+02
9.800000000000000711e+00 1.043190958961007908e+02
9.900000000000000355e+00 1.022566162275836348e+02
1.000000000000000000e+01 1.000000000000000000e+02
