t = 53.700000
x    u(x,t)
0.000000000000000000e+00 0.000000000000000000e+00
1.000000000000000056e-01 3.987302935343424171e+00
2.000000000000000111e-01 7.972946949441860554e+00
3.000000000000000444e-01 1.195527278477240607e+01
4.000000000000000222e-01 1.593262051158689019e+01
5.000000000000000000e-01 1.990332919262539590e+01
6.000000000000000888e-01 2.386573654882020534e+01
7.000000000000000666e-01 2.781817862631886129e+01
8.000000000000000444e-01 3.175898946515375343e+01
9.000000000000000222e-01 3.568650076988390651e+01
1.000000000000000000e+00 3.959904158253292650e+01
1.100000000000000089e+00 4.349493795814467489e+01
1.200000000000000178e+00 4.737251264327574063e+01
1.300000000000000044e+00 5.123008475774100390e+01
1.400000000000000133e+00 5.506596947992533586e+01
1.500000000000000000e+00 5.887847773597084711e+01
1.600000000000000089e+00 6.266591589314587907e+01
1.700000000000000178e+00 6.642658545769705825e+01
1.800000000000000044e+00 7.015878277748230119e+01
1.900000000000000133e+00 7.386079874967705905e+01
2.000000000000000000e+00 7.753091853384175636e+01
2.100000000000000089e+00 8.116742127063321277e+01
2.200000000000000178e+00 8.476857980643677593e+01
2.300000000000000266e+00 8.833266042419086261e+01
2.400000000000000355e+00 9.185792258066892657e+01
2.500000000000000000e+00 9.534261865047794515e+01
2.600000000000000089e+00 9.878499367702568179e+01
2.700000000000000178e+00 1.021832851307026715e+02
2.800000000000000266e+00 1.055357226745175154e+02
2.900000000000000355e+00 1.088405279374164678e+02
3.000000000000000000e+00 1.120959142955115482e+02
3.100000000000000089e+00 1.153000866614329709e+02
3.200000000000000178e+00 1.184512412820140241e+02
3.300000000000000266e+00 1.215475655445090553e+02
3.400000000000000355e+00 1.245872377915353439e+02
3.500000000000000000e+00 1.275684271449228646e+02
3.600000000000000089e+00 1.304892933386451261e+02
3.700000000000000178e+00 1.333479865609980664e+02
3.800000000000000266e+00 1.361426473061828801e+02
3.900000000000000355e+00 1.388714062354396503e+02
4.000000000000000000e+00 1.415323840478700106e+02
4.100000000000000533e+00 1.441236913610773342e+02
4.200000000000000178e+00 1.466434286017431248e+02
4.299999999999999822e+00 1.490896859062486612e+02
4.400000000000000355e+00 1.514605430314406931e+02
4.500000000000000000e+00 1.537540692756307408e+02
4.600000000000000533e+00 1.559683234099072138e+02
4.700000000000000178e+00 1.581013536198287852e+02
4.800000000000000711e+00 1.601511974575582258e+02
4.900000000000000355e+00 1.621158818044850136e+02
5.000000000000000000e+00 1.639934228443748054e+02
5.100000000000000533e+00 1.657818260470737926e+02
5.200000000000000178e+00 1.674790861627848244e+02
5.300000000000000711e+00 1.690831872269228313e+02
5.400000000000000355e+00 1.705921025755454821e+02
5.500000000000000000e+00 1.720037948713456046e+02
5.600000000000000533e+00 1.733162161401804724e+02
5.700000000000000178e+00 1.745273078181039068e+02
5.800000000000000711e+00 1.756350008088549828e+02
5.900000000000000355e+00 1.766372155517488807e+02
6.000000000000000000e+00 1.775318620999033215e+02
6.100000000000000533e+00 1.783168402087249262e+02
6.200000000000000178e+00 1.789900394345689847e+02
6.300000000000000711e+00 1.795493392434764530e+02
6.400000000000000355e+00 1.799926091298823678e+02
6.500000000000000000e+00 1.803177087451784359e+02
6.600000000000000533e+00 1.805224880360047734e+02
6.700000000000000178e+00 1.806047873921347957e+02
6.800000000000000711e+00 1.805624378038080238e+02
6.900000000000000355e+00 1.803932610283566476e+02
7.000000000000000000e+00 1.800950697659615116e+02
7.100000000000000533e+00 1.796656678443649184e+02
7.200000000000000178e+00 1.791028504123587481e+02
7.300000000000000711e+00 1.784044041418569293e+02
7.400000000000000355e+00 1.775681074383535076e+02
7.500000000000000000e+00 1.765917306595584932e+02
7.600000000000000533e+00 1.754730363419966181e+02
7.700000000000000178e+00 1.742097794353448137e+02
7.800000000000000711e+00 1.727997075442774815e+02
7.900000000000000355e+00 1.712405611775809575e+02
8.000000000000000000e+00 1.695300740042908956e+02
8.099999999999999645e+00 1.676659731165998721e+02
8.200000000000001066e+00 1.656459792992753535e+02
8.300000000000000711e+00 1.634678073053217986e+02
8.400000000000000355e+00 1.611291661376142770e+02
8.500000000000000000e+00 1.586277593362254379e+02
8.599999999999999645e+00 1.559612852711616711e+02
8.700000000000001066e+00 1.531274374402184719e+02
8.800000000000000711e+00 1.501239047716609605e+02
8.900000000000000355e+00 1.469483719314291932e+02
9.000000000000000000e+00 1.435985196345656050e+02
9.099999999999999645e+00 1.400720249605549270e+02
9.200000000000001066e+00 1.363665616722650782e+02
9.300000000000000711e+00 1.324798005381736914e+02
9.400000000000000355e+00 1.284094096575597064e+02
9.500000000000000000e+00 1.241530547883400288e+02
9.600000000000001421e+00 1.197083996772249179e+02
9.700000000000001066e+00 1.150731063918662898e+02
9.800000000000000711e+00 1.102448356546683641e+02
9.900000000000000355e+00 1.052212471779321703e+02
1.000000000000000000e+01 1.000000000000000000e+02
