t = 4.940000
x    u(x,t)
0.000000000000000000e+00 0.000000000000000000e+00
1.000000000000000056e-01 8.487225370671640512e-01
2.000000000000000111e-01 1.698162370999217963e+00
3.000000000000000444e-01 2.549035318898110525e+00
4.000000000000000222e-01 3.402054246410320282e+00
5.000000000000000000e-01 4.257927612069510204e+00
6.000000000000000888e-01 5.117358035428984486e+00
7.000000000000000666e-01 5.981040896426134346e+00
8.000000000000000444e-01 6.849662973009771783e+00
9.000000000000000222e-01 7.723901123555210191e+00
1.000000000000000000e+00 8.604421019996751241e+00
1.100000000000000089e+00 9.491875936928803270e+00
1.200000000000000178e+00 1.038690560117189854e+01
1.300000000000000044e+00 1.129013510547645716e+01
1.400000000000000133e+00 1.220217388915238210e+01
1.500000000000000000e+00 1.312361478747580712e+01
1.600000000000000089e+00 1.405503315074344961e+01
1.700000000000000178e+00 1.499698603282903520e+01
1.800000000000000044e+00 1.595001144805436866e+01
1.900000000000000133e+00 1.691462769412778044e+01
2.000000000000000000e+00 1.789133273783407319e+01
2.100000000000000089e+00 1.888060365909089455e+01
2.200000000000000178e+00 1.988289614792431337e+01
2.300000000000000266e+00 2.089864404786956698e+01
2.400000000000000355e+00 2.192825893827798112e+01
2.500000000000000000e+00 2.297212974701580279e+01
2.600000000000000089e+00 2.403062238408093876e+01
2.700000000000000178e+00 2.510407938574570963e+01
2.800000000000000266e+00 2.619281955796478201e+01
2.900000000000000355e+00 2.729713760697115177e+01
3.000000000000000000e+00 2.841730374422769501e+01
3.100000000000000089e+00 2.955356325221098501e+01
3.200000000000000178e+00 3.070613599688476114e+01
3.300000000000000266e+00 3.187521587217849728e+01
3.400000000000000355e+00 3.306097016132728328e+01
3.500000000000000000e+00 3.426353879956057114e+01
3.600000000000000089e+00 3.548303352235537034e+01
3.700000000000000178e+00 3.671953688330187759e+01
3.800000000000000266e+00 3.797310112557433825e+01
3.900000000000000355e+00 3.924374689106503666e+01
4.000000000000000000e+00 4.053146175143465513e+01
4.100000000000000533e+00 4.183619854566590135e+01
4.200000000000000178e+00 4.315787350919011089e+01
4.299999999999999822e+00 4.449636418029651708e+01
4.400000000000000355e+00 4.585150707034260620e+01
4.500000000000000000e+00 4.722309508527020228e+01
4.600000000000000533e+00 4.861087468710410064e+01
4.700000000000000178e+00 5.001454278547707588e+01
4.800000000000000711e+00 5.143374335079494841e+01
4.900000000000000355e+00 5.286806374243184337e+01
5.000000000000000000e+00 5.431703074733523806e+01
5.100000000000000533e+00 5.578010632662291357e+01
5.200000000000000178e+00 5.725668307017031111e+01
5.300000000000000711e+00 5.874607936181296708e+01
5.400000000000000355e+00 6.024753426061806749e+01
5.500000000000000000e+00 6.176020210670176880e+01
5.600000000000000533e+00 6.328314686327107808e+01
5.700000000000000178e+00 6.481533620993234024e+01
5.800000000000000711e+00 6.635563540581047448e+01
5.900000000000000355e+00 6.790280094463825833e+01
6.000000000000000000e+00 6.945547402767131473e+01
6.100000000000000533e+00 7.101217388402729114e+01
6.200000000000000178e+00 7.257129097179812049e+01
6.300000000000000711e+00 7.413108009699774925e+01
6.400000000000000355e+00 7.568965349103861229e+01
6.500000000000000000e+00 7.724497389092863386e+01
6.600000000000000533e+00 7.879484766969302711e+01
6.700000000000000178e+00 8.033691806759912879e+01
6.800000000000000711e+00 8.186865857754187914e+01
6.900000000000000355e+00 8.338736654037583662e+01
7.000000000000000000e+00 8.489015700800506181e+01
7.100000000000000533e+00 8.637395693360768689e+01
7.200000000000000178e+00 8.783549974943187522e+01
7.300000000000000711e+00 8.927132039310212974e+01
7.400000000000000355e+00 9.067775084328359014e+01
7.500000000000000000e+00 9.205091622482669322e+01
7.600000000000000533e+00 9.338673154212810346e+01
7.700000000000000178e+00 9.468089909737584264e+01
7.800000000000000711e+00 9.592890664758239438e+01
7.900000000000000355e+00 9.712602635084694214e+01
8.000000000000000000e+00 9.826731454813342737e+01
8.099999999999999645e+00 9.934761242202232268e+01
8.200000000000001066e+00 1.003615475684156451e+02
8.300000000000000711e+00 1.013035365110890211e+02
8.400000000000000355e+00 1.021677881823360252e+02
8.500000000000000000e+00 1.029483083858005728e+02
8.599999999999999645e+00 1.036389052500094436e+02
8.700000000000001066e+00 1.042331956731774056e+02
8.800000000000000711e+00 1.047246127516456653e+02
8.900000000000000355e+00 1.051064141759259059e+02
9.000000000000000000e+00 1.053716915698497871e+02
9.099999999999999645e+00 1.055133807398743500e+02
9.200000000000001066e+00 1.055242727932691622e+02
9.300000000000000711e+00 1.053970260758154183e+02
9.400000000000000355e+00 1.051241788718881480e+02
9.500000000000000000e+00 1.046981628024704776e+02
9.600000000000001421e+00 1.041113168498605859e+02
9.700000000000001066e+00 1.033559019316718803e+02
9.800000000000000711e+00 1.024241159412766820e+02
9.900000000000000355e+00 1.013081091671801346e+02
1.000000000000000000e+01 1.000000000000000000e+02
