t = 9.500000
x    u(x,t)
0.000000000000000000e+00 0.000000000000000000e+00
1.000000000000000056e-01 1.437578099129634746e+00
2.000000000000000111e-01 2.875614535490443213e+00
3.000000000000000444e-01 4.314566508763062913e+00
4.000000000000000222e-01 5.754888941948503422e+00
5.000000000000000000e-01 7.197033339075402658e+00
6.000000000000000888e-01 8.641446638145616532e+00
7.000000000000000666e-01 1.008857005770114768e+01
8.000000000000000444e-01 1.153883793537102243e+01
9.000000000000000222e-01 1.299267655672717758e+01
1.000000000000000000e+00 1.445050297274528184e+01
1.100000000000000089e+00 1.591272380412966569e+01
1.200000000000000178e+00 1.737973403072324885e+01
1.300000000000000044e+00 1.885191576418412396e+01
1.400000000000000133e+00 2.032963700207172764e+01
1.500000000000000000e+00 2.181325036144917462e+01
1.600000000000000089e+00 2.330309179007540976e+01
1.700000000000000178e+00 2.479947925323299174e+01
1.800000000000000044e+00 2.630271139421687110e+01
1.900000000000000133e+00 2.781306616649720809e+01
2.000000000000000000e+00 2.933079943556767688e+01
2.100000000000000089e+00 3.085614354850143215e+01
2.200000000000000178e+00 3.238930586926088750e+01
2.300000000000000266e+00 3.393046727784820149e+01
2.400000000000000355e+00 3.547978063144003613e+01
2.500000000000000000e+00 3.703736918572707992e+01
2.600000000000000089e+00 3.860332497477511282e+01
2.700000000000000178e+00 4.017770714784317221e+01
2.800000000000000266e+00 4.176054026173602551e+01
2.900000000000000355e+00 4.335181252743353753e+01
3.000000000000000000e+00 4.495147400993063513e+01
3.100000000000000089e+00 4.655943478043847961e+01
3.200000000000000178e+00 4.817556302033985105e+01
3.300000000000000266e+00 4.979968307656267967e+01
3.400000000000000355e+00 5.143157346833076105e+01
3.500000000000000000e+00 5.307096484557518323e+01
3.600000000000000089e+00 5.471753789963824488e+01
3.700000000000000178e+00 5.637092122727709409e+01
3.800000000000000266e+00 5.803068914937320955e+01
3.900000000000000355e+00 5.969635948617580823e+01
4.000000000000000000e+00 6.136739129135174409e+01
4.100000000000000533e+00 6.304318254757721718e+01
4.200000000000000178e+00 6.472306782688848159e+01
4.299999999999999822e+00 6.640631591950418056e+01
4.400000000000000355e+00 6.809212743534067158e+01
4.500000000000000000e+00 6.977963238295920689e+01
4.600000000000000533e+00 7.146788773120796634e+01
4.700000000000000178e+00 7.315587495934825313e+01
4.800000000000000711e+00 7.484249760197889145e+01
4.900000000000000355e+00 7.652657879559379239e+01
5.000000000000000000e+00 7.820685883411815098e+01
5.100000000000000533e+00 7.988199274126617411e+01
5.200000000000000178e+00 8.155054786804387845e+01
5.300000000000000711e+00 8.321100152417695028e+01
5.400000000000000355e+00 8.486173865267603844e+01
5.500000000000000000e+00 8.650104955715021049e+01
5.600000000000000533e+00 8.812712769184486206e+01
5.700000000000000178e+00 8.973806752470370895e+01
5.800000000000000711e+00 9.133186248403485763e+01
5.900000000000000355e+00 9.290640299959237325e+01
6.000000000000000000e+00 9.445947464906387836e+01
6.100000000000000533e+00 9.598875642107793738e+01
6.200000000000000178e+00 9.749181910590917255e+01
6.300000000000000711e+00 9.896612382505955452e+01
6.400000000000000355e+00 1.004090207108309158e+02
6.500000000000000000e+00 1.018177477468722287e+02
6.600000000000000533e+00 1.031894297804836214e+02
6.700000000000000178e+00 1.045210777171885468e+02
6.800000000000000711e+00 1.058095879077404362e+02
6.900000000000000355e+00 1.070517417373157372e+02
7.000000000000000000e+00 1.082442054261563413e+02
7.100000000000000533e+00 1.093835300503663319e+02
7.200000000000000178e+00 1.104661517909385537e+02
7.300000000000000711e+00 1.114883924183884574e+02
7.400000000000000355e+00 1.124464600196108535e+02
7.500000000000000000e+00 1.133364499727485679e+02
7.600000000000000533e+00 1.141543461749773911e+02
7.700000000000000178e+00 1.148960225271723345e+02
7.800000000000000711e+00 1.155572446784291998e+02
7.900000000000000355e+00 1.161336720323811278e+02
8.000000000000000000e+00 1.166208600161749160e+02
8.099999999999999645e+00 1.170142626118639271e+02
8.200000000000001066e+00 1.173092351488393632e+02
8.300000000000000711e+00 1.175010373547685703e+02
8.400000000000000355e+00 1.175848366613391107e+02
8.500000000000000000e+00 1.175557117599371253e+02
8.599999999999999645e+00 1.174086564012162768e+02
8.700000000000001066e+00 1.171385834313536520e+02
8.800000000000000711e+00 1.167403290566462459e+02
8.900000000000000355e+00 1.162086573269835696e+02
9.000000000000000000e+00 1.155382648276483195e+02
9.099999999999999645e+00 1.147237855678532270e+02
9.200000000000001066e+00 1.137597960534271238e+02
9.300000000000000711e+00 1.126408205301224683e+02
9.400000000000000355e+00 1.113613363831391041e+02
9.500000000000000000e+00 1.099157796776479046e+02
9.600000000000001421e+00 1.082985508243633888e+02
9.700000000000001066e+00 1.065040203535574364e+02
9.800000000000000711e+00 1.045265347803341314e+02
9.900000000000000355e+00 1.023604225435035033e+02
1.000000000000000000e+01 1.000000000000000000e+02
