t = 3.500000
x    u(x,t)
0.000000000000000000e+00 0.000000000000000000e+00
1.000000000000000056e-01 6.486121123130201838e-01
2.000000000000000111e-01 1.298077183698663317e+00
3.000000000000000444e-01 1.949245733398196290e+00
4.000000000000000222e-01 2.602963421861101079e+00
5.000000000000000000e-01 3.260068673223074143e+00
6.000000000000000888e-01 3.921390359188996477e+00
7.000000000000000666e-01 4.587745563400527971e+00
8.000000000000000444e-01 5.259937444212174462e+00
9.000000000000000222e-01 5.938753212396938430e+00
1.000000000000000000e+00 6.624962238679373172e+00
1.100000000000000089e+00 7.319314304180038810e+00
1.200000000000000178e+00 8.022538004883823959e+00
1.300000000000000044e+00 8.735339319150565274e+00
1.400000000000000133e+00 9.458400345105662410e+00
1.500000000000000000e+00 1.019237821251751974e+01
1.600000000000000089e+00 1.093790417152334804e+01
1.700000000000000178e+00 1.169558285833898026e+01
1.800000000000000044e+00 1.246599173591427601e+01
1.900000000000000133e+00 1.324968070540169585e+01
2.000000000000000000e+00 1.404717188231731129e+01
2.100000000000000089e+00 1.485895952941172915e+01
2.200000000000000178e+00 1.568551013654938586e+01
2.300000000000000266e+00 1.652726263633101311e+01
2.400000000000000355e+00 1.738462874279136372e+01
2.500000000000000000e+00 1.825799339926587095e+01
2.600000000000000089e+00 1.914771532044228053e+01
2.700000000000000178e+00 2.005412761268976496e+01
2.800000000000000266e+00 2.097753845597801714e+01
2.900000000000000355e+00 2.191823183004676423e+01
3.000000000000000000e+00 2.287646826694669500e+01
3.100000000000000089e+00 2.385248561162450187e+01
3.200000000000000178e+00 2.484649977184862379e+01
3.300000000000000266e+00 2.585870543844569625e+01
3.400000000000000355e+00 2.688927675651988025e+01
3.500000000000000000e+00 2.793836792803840652e+01
3.600000000000000089e+00 2.900611372586762471e+01
3.700000000000000178e+00 3.009262989901983687e+01
3.800000000000000266e+00 3.119801344850919378e+01
3.900000000000000355e+00 3.232234275280712410e+01
4.000000000000000000e+00 3.346567752143099739e+01
4.100000000000000533e+00 3.462805855469550664e+01
4.200000000000000178e+00 3.580950728711298581e+01
4.299999999999999822e+00 3.701002509135981455e+01
4.400000000000000355e+00 3.822959231915253753e+01
4.500000000000000000e+00 3.946816705482549281e+01
4.600000000000000533e+00 4.072568355690584951e+01
4.700000000000000178e+00 4.200205036258114433e+01
4.800000000000000711e+00 4.329714802969460408e+01
4.900000000000000355e+00 4.461082649083608231e+01
5.000000000000000000e+00 4.594290199427656063e+01
5.100000000000000533e+00 4.729315360698025472e+01
5.200000000000000178e+00 4.866131925578410744e+01
5.300000000000000711e+00 5.004709128411964514e+01
5.400000000000000355e+00 5.145011150343071904e+01
5.500000000000000000e+00 5.286996572077107004e+01
5.600000000000000533e+00 5.430617772700369983e+01
5.700000000000000178e+00 5.575820273361823354e+01
5.800000000000000711e+00 5.722542025047328451e+01
5.900000000000000355e+00 5.870712640178786046e+01
6.000000000000000000e+00 6.020252568346614908e+01
6.100000000000000533e+00 6.171072217134442184e+01
6.200000000000000178e+00 6.323071019718369001e+01
6.300000000000000711e+00 6.476136451716048725e+01
6.400000000000000355e+00 6.630143000617924542e+01
6.500000000000000000e+00 6.784951092046577514e+01
6.600000000000000533e+00 6.940405978050461044e+01
6.700000000000000178e+00 7.096336593633570544e+01
6.800000000000000711e+00 7.252554388738401769e+01
6.900000000000000355e+00 7.408852143919861533e+01
7.000000000000000000e+00 7.565002778954563212e+01
7.100000000000000533e+00 7.720758164603260809e+01
7.200000000000000178e+00 7.875847948663208342e+01
7.300000000000000711e+00 8.029978408289838399e+01
7.400000000000000355e+00 8.182831341310891560e+01
7.500000000000000000e+00 8.334063009878579464e+01
7.600000000000000533e+00 8.483303150284328353e+01
7.700000000000000178e+00 8.630154063075698900e+01
7.800000000000000711e+00 8.774189797746521435e+01
7.900000000000000355e+00 8.914955446202841927e+01
8.000000000000000000e+00 9.051966558924613082e+01
8.099999999999999645e+00 9.184708697235804209e+01
8.200000000000001066e+00 9.312637134357295565e+01
8.300000000000000711e+00 9.435176716945153430e+01
8.400000000000000355e+00 9.551721897614208956e+01
8.500000000000000000e+00 9.661636947520838703e+01
8.599999999999999645e+00 9.764256356441811135e+01
8.700000000000001066e+00 9.858885425955602955e+01
8.800000000000000711e+00 9.944801059331138049e+01
8.900000000000000355e+00 1.002125274958356016e+02
9.000000000000000000e+00 1.008746376489854839e+02
9.099999999999999645e+00 1.014263252829098860e+02
9.200000000000001066e+00 1.018593418598817095e+02
9.300000000000000711e+00 1.021652235665242188e+02
9.400000000000000355e+00 1.023353105122458686e+02
9.500000000000000000e+00 1.023607675091999880e+02
9.600000000000001421e+00 1.022326062878396726e+02
9.700000000000001066e+00 1.019417089825423517e+02
9.800000000000000711e+00 1.014788527042058064e+02
9.900000000000000355e+00 1.008347350015108077e+02
1.000000000000000000e+01 1.000000000000000000e+02
