t = 1.380000
x    u(x,t)
0.000000000000000000e+00 0.000000000000000000e+00
1.000000000000000056e-01 3.255741396686885336e-01
2.000000000000000111e-01 6.525066725764120390e-01
3.000000000000000444e-01 9.821461312657924214e-01
4.000000000000000222e-01 1.315821542131363042e+00
5.000000000000000000e-01 1.654833202608265719e+00
6.000000000000000888e-01 2.000444073100404729e+00
7.000000000000000666e-01 2.353871953779928639e+00
8.000000000000000444e-01 2.716282588853180968e+00
9.000000000000000222e-01 3.088783809136337766e+00
1.000000000000000000e+00 3.472420789338719782e+00
1.100000000000000089e+00 3.868172460908694266e+00
1.200000000000000178e+00 4.276949086230772856e+00
1.300000000000000044e+00 4.699590966837721595e+00
1.400000000000000133e+00 5.136868228396227920e+00
1.500000000000000000e+00 5.589481599570258474e+00
1.600000000000000089e+00 6.058064081206670615e+00
1.700000000000000178e+00 6.543183387060924616e+00
1.800000000000000044e+00 7.045345027620676603e+00
1.900000000000000133e+00 7.564995904341629718e+00
2.000000000000000000e+00 8.102528282387160274e+00
2.100000000000000089e+00 8.658284015165383707e+00
2.200000000000000178e+00 9.232558902846079718e+00
2.300000000000000266e+00 9.825607078790737248e+00
2.400000000000000355e+00 1.043764533158750929e+01
2.500000000000000000e+00 1.106885728531488944e+01
2.600000000000000089e+00 1.171939737599224785e+01
2.700000000000000178e+00 1.238939457723535043e+01
2.800000000000000266e+00 1.307895584236164055e+01
2.900000000000000355e+00 1.378816924315177950e+01
3.000000000000000000e+00 1.451710679687054473e+01
3.100000000000000089e+00 1.526582698280426520e+01
3.200000000000000178e+00 1.603437695741804703e+01
3.300000000000000266e+00 1.682279448330347904e+01
3.400000000000000355e+00 1.763110959147927304e+01
3.500000000000000000e+00 1.845934599948337151e+01
3.600000000000000089e+00 1.930752230924853308e+01
3.700000000000000178e+00 2.017565300919665816e+01
3.800000000000000266e+00 2.106374930453394256e+01
3.900000000000000355e+00 2.197181979858366674e+01
4.000000000000000000e+00 2.289987104634092674e+01
4.100000000000000533e+00 2.384790799943272077e+01
4.200000000000000178e+00 2.481593435944682469e+01
4.299999999999999822e+00 2.580395285425071350e+01
4.400000000000000355e+00 2.681196544952162952e+01
4.500000000000000000e+00 2.783997350528495929e+01
4.600000000000000533e+00 2.888797788480988160e+01
4.700000000000000178e+00 2.995597902071360252e+01
4.800000000000000711e+00 3.104397694052123668e+01
4.900000000000000355e+00 3.215197125113591170e+01
5.000000000000000000e+00 3.327996107858411534e+01
5.100000000000000533e+00 3.442794495588171344e+01
5.200000000000000178e+00 3.559592064775962683e+01
5.300000000000000711e+00 3.678388489611617018e+01
5.400000000000000355e+00 3.799183306422807505e+01
5.500000000000000000e+00 3.921975865074443846e+01
5.600000000000000533e+00 4.046765263608850915e+01
5.700000000000000178e+00 4.173550261389063820e+01
5.800000000000000711e+00 4.302329164827715857e+01
5.900000000000000355e+00 4.433099678408967037e+01
6.000000000000000000e+00 4.565858712131620223e+01
6.100000000000000533e+00 4.700602134717650671e+01
6.200000000000000178e+00 4.837324459954479750e+01
6.300000000000000711e+00 4.976018451399745146e+01
6.400000000000000355e+00 5.116674628422596527e+01
6.500000000000000000e+00 5.259280654257715781e+01
6.600000000000000533e+00 5.403820584505949398e+01
6.700000000000000178e+00 5.550273952456766580e+01
6.800000000000000711e+00 5.698614665890193010e+01
6.900000000000000355e+00 5.848809688826300146e+01
7.000000000000000000e+00 6.000817481240619600e+01
7.100000000000000533e+00 6.154586170284903091e+01
7.200000000000000178e+00 6.310051428284596398e+01
7.300000000000000711e+00 6.467134035963319150e+01
7.400000000000000355e+00 6.625737114186483723e+01
7.500000000000000000e+00 6.785743014197038292e+01
7.600000000000000533e+00 6.947009864951846225e+01
7.700000000000000178e+00 7.109367786789714216e+01
7.800000000000000711e+00 7.272614793200251881e+01
7.900000000000000355e+00 7.436512416722068508e+01
8.000000000000000000e+00 7.600781110648917149e+01
8.099999999999999645e+00 7.765095494788938879e+01
8.200000000000001066e+00 7.929079530390197306e+01
8.300000000000000711e+00 8.092301725771204701e+01
8.400000000000000355e+00 8.254270489329664429e+01
8.500000000000000000e+00 8.414429759528559316e+01
8.599999999999999645e+00 8.572155051236529744e+01
8.700000000000001066e+00 8.726750063521843970e+01
8.800000000000000711e+00 8.877443994854016296e+01
8.900000000000000355e+00 9.023389706999627435e+01
9.000000000000000000e+00 9.163662868272598416e+01
9.099999999999999645e+00 9.297262190049947606e+01
9.200000000000001066e+00 9.423110847738462326e+01
9.300000000000000711e+00 9.540059149157875140e+01
9.400000000000000355e+00 9.646888480410396483e+01
9.500000000000000000e+00 9.742316522869045059e+01
9.600000000000001421e+00 9.825003696344462867e+01
9.700000000000001066e+00 9.893560744392341633e+01
9.800000000000000711e+00 9.946557339834031097e+01
9.900000000000000355e+00 9.982531553635543276e+01
1.000000000000000000e+01 1.000000000000000000e+02
