t = 6.570000
x    u(x,t)
0.000000000000000000e+00 0.000000000000000000e+00
1.000000000000000056e-01 1.065821968347575366e+00
2.000000000000000111e-01 2.132259560908829510e+00
3.000000000000000444e-01 3.199927305420442014e+00
4.000000000000000222e-01 4.269437538742836047e+00
5.000000000000000000e-01 5.341399316566301181e+00
6.000000000000000888e-01 6.416417329150358562e+00
7.000000000000000666e-01 7.495090824875680013e+00
8.000000000000000444e-01 8.578012543192000905e+00
9.000000000000000222e-01 9.665767658303700216e+00
1.000000000000000000e+00 1.075893273464981093e+01
1.100000000000000089e+00 1.185807469490918820e+01
1.200000000000000178e+00 1.296374980089774454e+01
1.300000000000000044e+00 1.407650264732649958e+01
1.400000000000000133e+00 1.519686516795983344e+01
1.500000000000000000e+00 1.632535565325775195e+01
1.600000000000000089e+00 1.746247777810769009e+01
1.700000000000000178e+00 1.860871963775533544e+01
1.800000000000000044e+00 1.976455278953550376e+01
1.900000000000000133e+00 2.093043129748737385e+01
2.000000000000000000e+00 2.210679077641991697e+01
2.100000000000000089e+00 2.329404743147778944e+01
2.200000000000000178e+00 2.449259708875120722e+01
2.300000000000000266e+00 2.570281421198183125e+01
2.400000000000000355e+00 2.692505089994487832e+01
2.500000000000000000e+00 2.815963585864342278e+01
2.600000000000000089e+00 2.940687334203856196e+01
2.700000000000000178e+00 3.066704205466561461e+01
2.800000000000000266e+00 3.194039400915772831e+01
2.900000000000000355e+00 3.322715333141945848e+01
3.000000000000000000e+00 3.452751500597098300e+01
3.100000000000000089e+00 3.584164355382301181e+01
3.200000000000000178e+00 3.716967163514951267e+01
3.300000000000000266e+00 3.851169856900530419e+01
3.400000000000000355e+00 3.986778876239188918e+01
3.500000000000000000e+00 4.123797004111479936e+01
3.600000000000000089e+00 4.262223187510073075e+01
3.700000000000000178e+00 4.402052349115850660e+01
3.800000000000000266e+00 4.543275186657676556e+01
3.900000000000000355e+00 4.685877959745582189e+01
4.000000000000000000e+00 4.829842263627408272e+01
4.100000000000000533e+00 4.975144789389154454e+01
4.200000000000000178e+00 5.121757070199507211e+01
4.299999999999999822e+00 5.269645213289146568e+01
4.400000000000000355e+00 5.418769617455438237e+01
4.500000000000000000e+00 5.569084675992787226e+01
4.600000000000000533e+00 5.720538465067824774e+01
4.700000000000000178e+00 5.873072417686444169e+01
4.800000000000000711e+00 6.026620983535869414e+01
4.900000000000000355e+00 6.181111275128805715e+01
5.000000000000000000e+00 6.336462700827512151e+01
5.100000000000000533e+00 6.492586585482445116e+01
5.200000000000000178e+00 6.649385779581974987e+01
5.300000000000000711e+00 6.806754257975410383e+01
5.400000000000000355e+00 6.964576709399926813e+01
5.500000000000000000e+00 7.122728118211657033e+01
5.600000000000000533e+00 7.281073339890728846e+01
5.700000000000000178e+00 7.439466672057758956e+01
5.800000000000000711e+00 7.597751422903792218e+01
5.900000000000000355e+00 7.755759479094867004e+01
6.000000000000000000e+00 7.913310875365021957e+01
6.100000000000000533e+00 8.070213368155232558e+01
6.200000000000000178e+00 8.226262015789220072e+01
6.300000000000000711e+00 8.381238767797960065e+01
6.400000000000000355e+00 8.534912066111590434e+01
6.500000000000000000e+00 8.687036460928383974e+01
6.600000000000000533e+00 8.837352244143598057e+01
6.700000000000000178e+00 8.985585103275157337e+01
6.800000000000000711e+00 9.131445798856215390e+01
6.900000000000000355e+00 9.274629868275755484e+01
7.000000000000000000e+00 9.414817359036058519e+01
7.100000000000000533e+00 9.551672594359207835e+01
7.200000000000000178e+00 9.684843974012797219e+01
7.300000000000000711e+00 9.813963813137354464e+01
7.400000000000000355e+00 9.938648221744075784e+01
7.500000000000000000e+00 1.005849702741135161e+02
7.600000000000000533e+00 1.017309374354243801e+02
7.700000000000000178e+00 1.028200558535490643e+02
7.800000000000000711e+00 1.038478353555601075e+02
7.900000000000000355e+00 1.048096246141793273e+02
8.000000000000000000e+00 1.057006128470425921e+02
8.099999999999999645e+00 1.065158320561581888e+02
8.200000000000001066e+00 1.072501598162199912e+02
8.300000000000000711e+00 1.078983226172502867e+02
8.400000000000000355e+00 1.084548997637205190e+02
8.500000000000000000e+00 1.089143278288553915e+02
8.599999999999999645e+00 1.092709056592999701e+02
8.700000000000001066e+00 1.095187999217458668e+02
8.800000000000000711e+00 1.096520511795064721e+02
8.900000000000000355e+00 1.096645804834348894e+02
9.000000000000000000e+00 1.095501964580244447e+02
9.099999999999999645e+00 1.093026028600549751e+02
9.200000000000001066e+00 1.089154065837820440e+02
9.300000000000000711e+00 1.083821260834435947e+02
9.400000000000000355e+00 1.076962001808112035e+02
9.500000000000000000e+00 1.068509972226741098e+02
9.600000000000001421e+00 1.058398245505384807e+02
9.700000000000001066e+00 1.046559382424831313e+02
9.800000000000000711e+00 1.032925530850568947e+02
9.900000000000000355e+00 1.017428527313560807e+02
1.000000000000000000e+01 1.000000000000000000e+02
