t = 7.380000
x    u(x,t)
0.000000000000000000e+00 0.000000000000000000e+00
1.000000000000000056e-01 1.170869740365228173e+00
2.000000000000000111e-01 2.342311896131353599e+00
3.000000000000000444e-01 3.514897833848071418e+00
4.000000000000000222e-01 4.689196822752764504e+00
5.000000000000000000e-01 5.865774987055660361e+00
6.000000000000000888e-01 7.045194259259902836e+00
7.000000000000000666e-01 8.228011334704856239e+00
8.000000000000000444e-01 9.414776627388777186e+00
9.000000000000000222e-01 1.060603322696438511e+01
1.000000000000000000e+00 1.180231585660966864e+01
1.100000000000000089e+00 1.300414983125841140e+01
1.200000000000000178e+00 1.421205001543279245e+01
1.300000000000000044e+00 1.542651977965693355e+01
1.400000000000000133e+00 1.664804995414786148e+01
1.500000000000000000e+00 1.787711777818292802e+01
1.600000000000000089e+00 1.911418584323332581e+01
1.700000000000000178e+00 2.035970102763551637e+01
1.800000000000000044e+00 2.161409342025077152e+01
1.900000000000000133e+00 2.287777523024075421e+01
2.000000000000000000e+00 2.415113967976925480e+01
2.100000000000000089e+00 2.543455987613078761e+01
2.200000000000000178e+00 2.672838765950990592e+01
2.300000000000000266e+00 2.803295242229665618e+01
2.400000000000000355e+00 2.934855989562602119e+01
2.500000000000000000e+00 3.067549089857955380e+01
2.600000000000000089e+00 3.201400004528821341e+01
2.700000000000000178e+00 3.336431440501229417e+01
2.800000000000000266e+00 3.472663211015188267e+01
2.900000000000000355e+00 3.610112090706203958e+01
3.000000000000000000e+00 3.748791664451789529e+01
3.100000000000000089e+00 3.888712169469680191e+01
3.200000000000000178e+00 4.029880330162379209e+01
3.300000000000000266e+00 4.172299185216449757e+01
3.400000000000000355e+00 4.315967906484969774e+01
3.500000000000000000e+00 4.460881609208134790e+01
3.600000000000000089e+00 4.607031153160186676e+01
3.700000000000000178e+00 4.754402934350932952e+01
3.800000000000000266e+00 4.902978666957238119e+01
3.900000000000000355e+00 5.052735155213901663e+01
4.000000000000000000e+00 5.203644055054516571e+01
4.100000000000000533e+00 5.355671625361010513e+01
4.200000000000000178e+00 5.508778468755489399e+01
4.299999999999999822e+00 5.662919261949567584e+01
4.400000000000000355e+00 5.818042475754270981e+01
4.500000000000000000e+00 5.974090084947521717e+01
4.600000000000000533e+00 6.130997268295655545e+01
4.700000000000000178e+00 6.288692099129956858e+01
4.800000000000000711e+00 6.447095226988221839e+01
4.900000000000000355e+00 6.606119550944124796e+01
5.000000000000000000e+00 6.765669885363114133e+01
5.100000000000000533e+00 6.925642618941660089e+01
5.200000000000000178e+00 7.085925368006267888e+01
5.300000000000000711e+00 7.246396625168627281e+01
5.400000000000000355e+00 7.406925404552723080e+01
5.500000000000000000e+00 7.567370884927484553e+01
5.600000000000000533e+00 7.727582052193697848e+01
5.700000000000000178e+00 7.887397342785065746e+01
5.800000000000000711e+00 8.046644289649532311e+01
5.900000000000000355e+00 8.205139172576865292e+01
6.000000000000000000e+00 8.362686674731142489e+01
6.100000000000000533e+00 8.519079547330602509e+01
6.200000000000000178e+00 8.674098284491577715e+01
6.300000000000000711e+00 8.827510810316405809e+01
6.400000000000000355e+00 8.979072180356483557e+01
6.500000000000000000e+00 9.128524299619807891e+01
6.600000000000000533e+00 9.275595659316495301e+01
6.700000000000000178e+00 9.420001094545185083e+01
6.800000000000000711e+00 9.561441565116730601e+01
6.900000000000000355e+00 9.699603961689011555e+01
7.000000000000000000e+00 9.834160939347150077e+01
7.100000000000000533e+00 9.964770780706635378e+01
7.200000000000000178e+00 1.009107729054258158e+02
7.300000000000000711e+00 1.021270972385646019e+02
7.400000000000000355e+00 1.032928274918230045e+02
7.500000000000000000e+00 1.044039644880759852e+02
7.600000000000000533e+00 1.054563635744066374e+02
7.700000000000000178e+00 1.064457354069632373e+02
7.800000000000000711e+00 1.073676471459654209e+02
7.900000000000000355e+00 1.082175240709264017e+02
8.000000000000000000e+00 1.089906516241242542e+02
8.099999999999999645e+00 1.096821778882009824e+02
8.200000000000001066e+00 1.102871165015048973e+02
8.300000000000000711e+00 1.108003500124382441e+02
8.400000000000000355e+00 1.112166336716439048e+02
8.500000000000000000e+00 1.115305996583794297e+02
8.599999999999999645e+00 1.117367617349063238e+02
8.700000000000001066e+00 1.118295203201842440e+02
8.800000000000000711e+00 1.118031679716245037e+02
8.900000000000000355e+00 1.116518952611497042e+02
9.000000000000000000e+00 1.113697970293420667e+02
9.099999999999999645e+00 1.109508789990693316e+02
9.200000000000001066e+00 1.103890647276695915e+02
9.300000000000000711e+00 1.096782028745804638e+02
9.400000000000000355e+00 1.088120747592280821e+02
9.500000000000000000e+00 1.077844021820727818e+02
9.600000000000001421e+00 1.065888554799514623e+02
9.700000000000001066e+00 1.052190617852839267e+02
9.800000000000000711e+00 1.036686134573328246e+02
9.900000000000000355e+00 1.019310766525382235e+02
1.000000000000000000e+01 1.000000000000000000e+02
