t = 0.330000
x    u(x,t)
0.000000000000000000e+00 0.000000000000000000e+00
1.000000000000000056e-01 1.249058271250758495e-01
2.000000000000000111e-01 2.525889676627389724e-01
3.000000000000000444e-01 3.857420232523788295e-01
4.000000000000000222e-01 5.268959930672035830e-01
5.000000000000000000e-01 6.783578114507210488e-01
6.000000000000000888e-01 8.421667593746360314e-01
7.000000000000000666e-01 1.020071541860144704e+00
8.000000000000000444e-01 1.213527200750009971e+00
9.000000000000000222e-01 1.423708896212608099e+00
1.000000000000000000e+00 1.651538232565951336e+00
1.100000000000000089e+00 1.897717310471424668e+00
1.200000000000000178e+00 2.162765958284482259e+00
1.300000000000000044e+00 2.447058406699480049e+00
1.400000000000000133e+00 2.750856753855133174e+00
1.500000000000000000e+00 3.074339677741735333e+00
1.600000000000000089e+00 3.417625811968800331e+00
1.700000000000000178e+00 3.780791915428557637e+00
1.800000000000000044e+00 4.163886415915836636e+00
1.900000000000000133e+00 4.566939124049500975e+00
2.000000000000000000e+00 4.989967955203136185e+00
2.100000000000000089e+00 5.432983427281916633e+00
2.200000000000000178e+00 5.895991576316950145e+00
2.300000000000000266e+00 6.378995790454366599e+00
2.400000000000000355e+00 6.881997931048781325e+00
2.500000000000000000e+00 7.404998999523488834e+00
2.600000000000000089e+00 7.947999523824735846e+00
2.700000000000000178e+00 8.510999776852139931e+00
2.800000000000000266e+00 9.093999896997575050e+00
2.900000000000000355e+00 9.696999953151747675e+00
3.000000000000000000e+00 1.031999997899649202e+01
3.100000000000000089e+00 1.096299999071456988e+01
3.200000000000000178e+00 1.162599999595068745e+01
3.300000000000000266e+00 1.230899999825745184e+01
3.400000000000000355e+00 1.301199999925977657e+01
3.500000000000000000e+00 1.373499999968949936e+01
3.600000000000000089e+00 1.447799999987135600e+01
3.700000000000000178e+00 1.524099999994734489e+01
3.800000000000000266e+00 1.602399999997870239e+01
3.900000000000000355e+00 1.682699999999148588e+01
4.000000000000000000e+00 1.764999999999664126e+01
4.100000000000000533e+00 1.849299999999870181e+01
4.200000000000000178e+00 1.935599999999951493e+01
4.299999999999999822e+00 2.023899999999983379e+01
4.400000000000000355e+00 2.114199999999996393e+01
4.500000000000000000e+00 2.206500000000001194e+01
4.600000000000000533e+00 2.300800000000003465e+01
4.700000000000000178e+00 2.397100000000003917e+01
4.800000000000000711e+00 2.495400000000003971e+01
4.900000000000000355e+00 2.595700000000002916e+01
5.000000000000000000e+00 2.698000000000002885e+01
5.100000000000000533e+00 2.802300000000002811e+01
5.200000000000000178e+00 2.908600000000000918e+01
5.300000000000000711e+00 3.016899999999998272e+01
5.400000000000000355e+00 3.127199999999990609e+01
5.500000000000000000e+00 3.239499999999971180e+01
5.600000000000000533e+00 3.353799999999920800e+01
5.700000000000000178e+00 3.470099999999786888e+01
5.800000000000000711e+00 3.588399999999440126e+01
5.900000000000000355e+00 3.708699999998549401e+01
6.000000000000000000e+00 3.830999999996289773e+01
6.100000000000000533e+00 3.955299999990619852e+01
6.200000000000000178e+00 4.081599999976552340e+01
6.300000000000000711e+00 4.209899999942056326e+01
6.400000000000000355e+00 4.340199999858472779e+01
6.500000000000000000e+00 4.472499999658439407e+01
6.600000000000000533e+00 4.606799999185741967e+01
6.700000000000000178e+00 4.743099998083185653e+01
6.800000000000000711e+00 4.881399995545744019e+01
6.900000000000000355e+00 5.021699989786018392e+01
7.000000000000000000e+00 5.163999976896142385e+01
7.100000000000000533e+00 5.308299948466923013e+01
7.200000000000000178e+00 5.454599886697329936e+01
7.300000000000000711e+00 5.602899754537350674e+01
7.400000000000000355e+00 5.753199476207206686e+01
7.500000000000000000e+00 5.905498899475841768e+01
7.600000000000000533e+00 6.059797724153661136e+01
7.700000000000000178e+00 6.216095369499800682e+01
7.800000000000000711e+00 6.374390733948638399e+01
7.900000000000000355e+00 6.534681770010098489e+01
8.000000000000000000e+00 6.696964750723439863e+01
8.099999999999999645e+00 6.861233036454439116e+01
8.200000000000001066e+00 7.027475057507409417e+01
8.300000000000000711e+00 7.195671106971398956e+01
8.400000000000000355e+00 7.365788393165664161e+01
8.500000000000000000e+00 7.537773645515891019e+01
8.599999999999999645e+00 7.711542429240628849e+01
8.700000000000001066e+00 7.886964247369415659e+01
8.800000000000000711e+00 8.063842554112915195e+01
8.900000000000000355e+00 8.241889041518548709e+01
9.000000000000000000e+00 8.420692055822526356e+01
9.099999999999999645e+00 8.599679785833846779e+01
9.200000000000001066e+00 8.778079920824990268e+01
9.300000000000000711e+00 8.954878696046135644e+01
9.400000000000000355e+00 9.128783435312072925e+01
9.500000000000000000e+00 9.298193592595769985e+01
9.600000000000001421e+00 9.461185592373908548e+01
9.700000000000001066e+00 9.615516225577601972e+01
9.800000000000000711e+00 9.758647864429001118e+01
9.900000000000000355e+00 9.887796409837577016e+01
1.000000000000000000e+01 1.000000000000000000e+02
