t = 4.890000
x    u(x,t)
0.000000000000000000e+00 0.000000000000000000e+00
1.000000000000000056e-01 8.419249614330459597e-01
2.000000000000000111e-01 1.684570942905793345e+00
3.000000000000000444e-01 2.528657464208372563e+00
4.000000000000000222e-01 3.374901052969651261e+00
5.000000000000000000e-01 4.224013769312758626e+00
6.000000000000000888e-01 5.076701755091261425e+00
7.000000000000000666e-01 5.933663815398525720e+00
8.000000000000000444e-01 6.795590039620411638e+00
9.000000000000000222e-01 7.663160468781970991e+00
1.000000000000000000e+00 8.537043815327995944e+00
1.100000000000000089e+00 9.417896240781294281e+00
1.200000000000000178e+00 1.030636019594863662e+01
1.300000000000000044e+00 1.120306332750036482e+01
1.400000000000000133e+00 1.210861745384376498e+01
1.500000000000000000e+00 1.302361761225142267e+01
1.600000000000000089e+00 1.394864117820276483e+01
1.700000000000000178e+00 1.488424705685857141e+01
1.800000000000000044e+00 1.583097494552445816e+01
1.900000000000000133e+00 1.678934466487758925e+01
2.000000000000000000e+00 1.775985555564167839e+01
2.100000000000000089e+00 1.874298593630572896e+01
2.200000000000000178e+00 1.973919261640078560e+01
2.300000000000000266e+00 2.074891045878372964e+01
2.400000000000000355e+00 2.177255198333523722e+01
2.500000000000000000e+00 2.281050700346703053e+01
2.600000000000000089e+00 2.386314228585847630e+01
2.700000000000000178e+00 2.493080122290990630e+01
2.800000000000000266e+00 2.601380350651655959e+01
2.900000000000000355e+00 2.711244479093685200e+01
3.000000000000000000e+00 2.822699633175921008e+01
3.100000000000000089e+00 2.935770458726670640e+01
3.200000000000000178e+00 3.050479076786489330e+01
3.300000000000000266e+00 3.166845031868075466e+01
3.400000000000000355e+00 3.284885231996544519e+01
3.500000000000000000e+00 3.404613878954742745e+01
3.600000000000000089e+00 3.526042387129223243e+01
3.700000000000000178e+00 3.649179289333737586e+01
3.800000000000000266e+00 3.774030127979511917e+01
3.900000000000000355e+00 3.900597329965798110e+01
4.000000000000000000e+00 4.028880063681413048e+01
4.100000000000000533e+00 4.158874076538899089e+01
4.200000000000000178e+00 4.290571511508709079e+01
4.299999999999999822e+00 4.423960701182377875e+01
4.400000000000000355e+00 4.559025937971999554e+01
4.500000000000000000e+00 4.695747219149667728e+01
4.600000000000000533e+00 4.834099965545519240e+01
4.700000000000000178e+00 4.974054712857916627e+01
4.800000000000000711e+00 5.115576774684612360e+01
4.900000000000000355e+00 5.258625876560337531e+01
5.000000000000000000e+00 5.403155760484585102e+01
5.100000000000000533e+00 5.549113759643606869e+01
5.200000000000000178e+00 5.696440343273074802e+01
5.300000000000000711e+00 5.845068631871988174e+01
5.400000000000000355e+00 5.994923883263801656e+01
5.500000000000000000e+00 6.145922950306447063e+01
5.600000000000000533e+00 6.297973711377533590e+01
5.700000000000000178e+00 6.450974475102890437e+01
5.800000000000000711e+00 6.604813361153455276e+01
5.900000000000000355e+00 6.759367659304722054e+01
6.000000000000000000e+00 6.914503169331496224e+01
6.100000000000000533e+00 7.070073524694879552e+01
6.200000000000000178e+00 7.225919503364349339e+01
6.300000000000000711e+00 7.381868329501000403e+01
6.400000000000000355e+00 7.537732970103714081e+01
6.500000000000000000e+00 7.693311431083171215e+01
6.600000000000000533e+00 7.848386057573634389e+01
6.700000000000000178e+00 8.002722843613882731e+01
6.800000000000000711e+00 8.156070756620725604e+01
6.900000000000000355e+00 8.308161082335412573e+01
7.000000000000000000e+00 8.458706796139253470e+01
7.100000000000000533e+00 8.607401966804292215e+01
7.200000000000000178e+00 8.753921198862735764e+01
7.300000000000000711e+00 8.897919119839914970e+01
7.400000000000000355e+00 9.039029918595561242e+01
7.500000000000000000e+00 9.176866940953256346e+01
7.600000000000000533e+00 9.311022348664836557e+01
7.700000000000000178e+00 9.441066847553084074e+01
7.800000000000000711e+00 9.566549490400618083e+01
7.900000000000000355e+00 9.686997559805180913e+01
8.000000000000000000e+00 9.801916535801919395e+01
8.099999999999999645e+00 9.910790152563420463e+01
8.200000000000001066e+00 1.001308054793108653e+02
8.300000000000000711e+00 1.010822850891037774e+02
8.400000000000000355e+00 1.019565381558289232e+02
8.500000000000000000e+00 1.027475568515590680e+02
8.599999999999999645e+00 1.034491331709204474e+02
8.700000000000001066e+00 1.040548653944607622e+02
8.800000000000000711e+00 1.045581655569135506e+02
8.900000000000000355e+00 1.049522679045452662e+02
9.000000000000000000e+00 1.052302383170419091e+02
9.099999999999999645e+00 1.053849846606751584e+02
9.200000000000001066e+00 1.054092680308952339e+02
9.300000000000000711e+00 1.052957148341360636e+02
9.400000000000000355e+00 1.050368296505989463e+02
9.500000000000000000e+00 1.046250088122083923e+02
9.600000000000001421e+00 1.040525546229123961e+02
9.700000000000001066e+00 1.033116901421230125e+02
9.800000000000000711e+00 1.023945744464506191e+02
9.900000000000000355e+00 1.012933182800565532e+02
1.000000000000000000e+01 1.000000000000000000e+02
