t = 8.080000
x    u(x,t)
0.000000000000000000e+00 0.000000000000000000e+00
1.000000000000000056e-01 1.260259601173117749e+00
2.000000000000000111e-01 2.521054924056102653e+00
3.000000000000000444e-01 3.782920636731706754e+00
4.000000000000000222e-01 5.046389299435706910e+00
5.000000000000000000e-01 6.311990309128876042e+00
6.000000000000000888e-01 7.580248842200285608e+00
7.000000000000000666e-01 8.851684794574603998e+00
8.000000000000000444e-01 1.012681171840821115e+01
9.000000000000000222e-01 1.140613575445127381e+01
1.000000000000000000e+00 1.269015455902695777e+01
1.100000000000000089e+00 1.397935622443613468e+01
1.200000000000000178e+00 1.527421819143831172e+01
1.300000000000000044e+00 1.657520615228933991e+01
1.400000000000000133e+00 1.788277294263587081e+01
1.500000000000000000e+00 1.919735742037821424e+01
1.600000000000000089e+00 2.051938332942053478e+01
1.700000000000000178e+00 2.184925814603156269e+01
1.800000000000000044e+00 2.318737190534583803e+01
1.900000000000000133e+00 2.453409600534532586e+01
2.000000000000000000e+00 2.588978198547977527e+01
2.100000000000000089e+00 2.725476027691333414e+01
2.200000000000000178e+00 2.862933892122867263e+01
2.300000000000000266e+00 3.001380225428207638e+01
2.400000000000000355e+00 3.140840955178604688e+01
2.500000000000000000e+00 3.281339363310457458e+01
2.600000000000000089e+00 3.422895941968300093e+01
2.700000000000000178e+00 3.565528244450265305e+01
2.800000000000000266e+00 3.709250730895399073e+01
2.900000000000000355e+00 3.854074608356214782e+01
3.000000000000000000e+00 4.000007664908094540e+01
3.100000000000000089e+00 4.147054097459530198e+01
3.200000000000000178e+00 4.295214332944214419e+01
3.300000000000000266e+00 4.444484842597673691e+01
3.400000000000000355e+00 4.594857949047730727e+01
3.500000000000000000e+00 4.746321625979710745e+01
3.600000000000000089e+00 4.898859290174018355e+01
3.700000000000000178e+00 5.052449585755569217e+01
3.800000000000000266e+00 5.207066160541624100e+01
3.900000000000000355e+00 5.362677434426630896e+01
4.000000000000000000e+00 5.519246359799829804e+01
4.100000000000000533e+00 5.676730174053340505e+01
4.200000000000000178e+00 5.835080144305050709e+01
4.299999999999999822e+00 5.994241304531649916e+01
4.400000000000000355e+00 6.154152185382156404e+01
4.500000000000000000e+00 6.314744537021108783e+01
4.600000000000000533e+00 6.475943045432624956e+01
4.700000000000000178e+00 6.637665042701300422e+01
4.800000000000000711e+00 6.799820211873081632e+01
4.900000000000000355e+00 6.962310287087989025e+01
5.000000000000000000e+00 7.125028749766353542e+01
5.100000000000000533e+00 7.287860521720413942e+01
5.200000000000000178e+00 7.450681656152937649e+01
5.300000000000000711e+00 7.613359027593246253e+01
5.400000000000000355e+00 7.775750021907788323e+01
5.500000000000000000e+00 7.937702227606536098e+01
5.600000000000000533e+00 8.099053129746975799e+01
5.700000000000000178e+00 8.259629807813685431e+01
5.800000000000000711e+00 8.419248639022347902e+01
5.900000000000000355e+00 8.577715008561899879e+01
6.000000000000000000e+00 8.734823028346428941e+01
6.100000000000000533e+00 8.890355265898583070e+01
6.200000000000000178e+00 9.044082485027982443e+01
6.300000000000000711e+00 9.195763400000404886e+01
6.400000000000000355e+00 9.345144444916044790e+01
6.500000000000000000e+00 9.491959560026923270e+01
6.600000000000000533e+00 9.635929996724119917e+01
6.700000000000000178e+00 9.776764142914576894e+01
6.800000000000000711e+00 9.914157370483880527e+01
6.900000000000000355e+00 1.004779190650599787e+02
7.000000000000000000e+00 1.017733672981251232e+02
7.100000000000000533e+00 1.030244749447294055e+02
7.200000000000000178e+00 1.042276648166372297e+02
7.300000000000000711e+00 1.053792258131677926e+02
7.400000000000000355e+00 1.064753130483942414e+02
7.500000000000000000e+00 1.075119483008586769e+02
7.600000000000000533e+00 1.084850207963737887e+02
7.700000000000000178e+00 1.093902883331384572e+02
7.800000000000000711e+00 1.102233787569432621e+02
7.900000000000000355e+00 1.109797917926958348e+02
8.000000000000000000e+00 1.116549012368601836e+02
8.099999999999999645e+00 1.122439575136892955e+02
8.200000000000001066e+00 1.127420905963492572e+02
8.300000000000000711e+00 1.131443132921959744e+02
8.400000000000000355e+00 1.134455248895848314e+02
8.500000000000000000e+00 1.136405151616844762e+02
8.599999999999999645e+00 1.137239687208407872e+02
8.700000000000001066e+00 1.136904697151107513e+02
8.800000000000000711e+00 1.135345068566722659e+02
8.900000000000000355e+00 1.132504787699324140e+02
9.000000000000000000e+00 1.128326996453144915e+02
9.099999999999999645e+00 1.122754051829207640e+02
9.200000000000001066e+00 1.115727588085570687e+02
9.300000000000000711e+00 1.107188581429804515e+02
9.400000000000000355e+00 1.097077417037061764e+02
9.500000000000000000e+00 1.085333958172988531e+02
9.600000000000001421e+00 1.071897617187843821e+02
9.700000000000001066e+00 1.056707428136677436e+02
9.800000000000000711e+00 1.039702120770354554e+02
9.900000000000000355e+00 1.020820195633684051e+02
1.000000000000000000e+01 1.000000000000000000e+02
