t = 7.750000
x    u(x,t)
0.000000000000000000e+00 0.000000000000000000e+00
1.000000000000000056e-01 1.218278578624543362e+00
2.000000000000000111e-01 2.437110201263759990e+00
3.000000000000000444e-01 3.657046864814830656e+00
4.000000000000000222e-01 4.878638471761609807e+00
5.000000000000000000e-01 6.102431782494433854e+00
6.000000000000000888e-01 7.328969366984448897e+00
7.000000000000000666e-01 8.558788555469604376e+00
8.000000000000000444e-01 9.792420387701834983e+00
9.000000000000000222e-01 1.103038856017283464e+01
1.000000000000000000e+00 1.227320837058081793e+01
1.100000000000000089e+00 1.352138565862443720e+01
1.200000000000000178e+00 1.477541574201485375e+01
1.300000000000000044e+00 1.603578234638532862e+01
1.400000000000000133e+00 1.730295652755177471e+01
1.500000000000000000e+00 1.857739558434129634e+01
1.600000000000000089e+00 1.985954195996091443e+01
1.700000000000000178e+00 2.114982212962927477e+01
1.800000000000000044e+00 2.244864547194400473e+01
1.900000000000000133e+00 2.375640312120900788e+01
2.000000000000000000e+00 2.507346679770442677e+01
2.100000000000000089e+00 2.640018761265053016e+01
2.200000000000000178e+00 2.773689484439849551e+01
2.300000000000000266e+00 2.908389468218232210e+01
2.400000000000000355e+00 3.044146893358758987e+01
2.500000000000000000e+00 3.180987369174166091e+01
2.600000000000000089e+00 3.318933795810792020e+01
2.700000000000000178e+00 3.458006221667855584e+01
2.800000000000000266e+00 3.598221695531007924e+01
2.900000000000000355e+00 3.739594112993570008e+01
3.000000000000000000e+00 3.882134056742378903e+01
3.100000000000000089e+00 4.025848630293378960e+01
3.200000000000000178e+00 4.170741284775364477e+01
3.300000000000000266e+00 4.316811638378835880e+01
3.400000000000000355e+00 4.464055288110974118e+01
3.500000000000000000e+00 4.612463613527536666e+01
3.600000000000000089e+00 4.762023572148031292e+01
3.700000000000000178e+00 4.912717486302076253e+01
3.800000000000000266e+00 5.064522821202370295e+01
3.900000000000000355e+00 5.217411954093102366e+01
4.000000000000000000e+00 5.371351934382062865e+01
4.100000000000000533e+00 5.526304234729830256e+01
4.200000000000000178e+00 5.682224493140224553e+01
4.299999999999999822e+00 5.839062246172300519e+01
4.400000000000000355e+00 5.996760653475353564e+01
4.500000000000000000e+00 6.155256213934301002e+01
4.600000000000000533e+00 6.314478473802945047e+01
4.700000000000000178e+00 6.474349727296461765e+01
4.800000000000000711e+00 6.634784710211582137e+01
4.900000000000000355e+00 6.795690287242570093e+01
5.000000000000000000e+00 6.956965133762619757e+01
5.100000000000000533e+00 7.118499412942931315e+01
5.200000000000000178e+00 7.280174449184799812e+01
5.300000000000000711e+00 7.441862398942463130e+01
5.400000000000000355e+00 7.603425920115664383e+01
5.500000000000000000e+00 7.764717841289601097e+01
5.600000000000000533e+00 7.925580832195510084e+01
5.700000000000000178e+00 8.085847076856425986e+01
5.800000000000000711e+00 8.245337950968729501e+01
5.900000000000000355e+00 8.403863705149841223e+01
6.000000000000000000e+00 8.561223155755168079e+01
6.100000000000000533e+00 8.717203385031675111e+01
6.200000000000000178e+00 8.871579452430901824e+01
6.300000000000000711e+00 9.024114118949316321e+01
6.400000000000000355e+00 9.174557586398314868e+01
6.500000000000000000e+00 9.322647253528737110e+01
6.600000000000000533e+00 9.468107490944893812e+01
6.700000000000000178e+00 9.610649436740131080e+01
6.800000000000000711e+00 9.749970814769315552e+01
6.900000000000000355e+00 9.885755777442800252e+01
7.000000000000000000e+00 1.001767477488114793e+02
7.100000000000000533e+00 1.014538445220989331e+02
7.200000000000000178e+00 1.026852757669872886e+02
7.300000000000000711e+00 1.038673299635978253e+02
7.400000000000000355e+00 1.049961563151541242e+02
7.500000000000000000e+00 1.060677650072707081e+02
7.600000000000000533e+00 1.070780278234427243e+02
7.700000000000000178e+00 1.080226791278664251e+02
7.800000000000000711e+00 1.088973172251344010e+02
7.900000000000000355e+00 1.096974061046457223e+02
8.000000000000000000e+00 1.104182775757599018e+02
8.099999999999999645e+00 1.110551337978160689e+02
8.200000000000001066e+00 1.116030502071473620e+02
8.300000000000000711e+00 1.120569788411593208e+02
8.400000000000000355e+00 1.124117520574226603e+02
8.500000000000000000e+00 1.126620866435744546e+02
8.599999999999999645e+00 1.128025883116397949e+02
8.700000000000001066e+00 1.128277565681970600e+02
8.800000000000000711e+00 1.127319899496319096e+02
8.900000000000000355e+00 1.125095916095729933e+02
9.000000000000000000e+00 1.121547752434973546e+02
9.099999999999999645e+00 1.116616713334487514e+02
9.200000000000001066e+00 1.110243336938489875e+02
9.300000000000000711e+00 1.102367462975149408e+02
9.400000000000000355e+00 1.092928303592381809e+02
9.500000000000000000e+00 1.081864516526575244e+02
9.600000000000001421e+00 1.069114280346695409e+02
9.700000000000001066e+00 1.054615371502919743e+02
9.800000000000000711e+00 1.038305242897314855e+02
9.900000000000000355e+00 1.020121103684219577e+02
1.000000000000000000e+01 1.000000000000000000e+02
