t = 9.370000
x    u(x,t)
0.000000000000000000e+00 0.000000000000000000e+00
1.000000000000000056e-01 1.421575559090749286e+00
2.000000000000000111e-01 2.843616817287936360e+00
3.000000000000000444e-01 4.266588346266065201e+00
4.000000000000000222e-01 5.690952461303314891e+00
5.000000000000000000e-01 7.117168089244553464e+00
6.000000000000000888e-01 8.545689631836429712e+00
7.000000000000000666e-01 9.976965822856920241e+00
8.000000000000000444e-01 1.141143857743279355e+01
9.000000000000000222e-01 1.284954183190351884e+01
1.000000000000000000e+00 1.429170037255042480e+01
1.100000000000000089e+00 1.573832865146595594e+01
1.200000000000000178e+00 1.718982958779105630e+01
1.300000000000000044e+00 1.864659335250069816e+01
1.400000000000000133e+00 2.010899613486889592e+01
1.500000000000000000e+00 2.157739888869791756e+01
1.600000000000000089e+00 2.305214605635250180e+01
1.700000000000000178e+00 2.453356426860082706e+01
1.800000000000000044e+00 2.602196101823187746e+01
1.900000000000000133e+00 2.751762330539471790e+01
2.000000000000000000e+00 2.902081625259177855e+01
2.100000000000000089e+00 3.053178168725714414e+01
2.200000000000000178e+00 3.205073668986337765e+01
2.300000000000000266e+00 3.357787210552947954e+01
2.400000000000000355e+00 3.511335101714919205e+01
2.500000000000000000e+00 3.665730717812461847e+01
2.600000000000000089e+00 3.820984340287792236e+01
2.700000000000000178e+00 3.977102991342332672e+01
2.800000000000000266e+00 4.134090264041608265e+01
2.900000000000000355e+00 4.291946147725376903e+01
3.000000000000000000e+00 4.450666848599156111e+01
3.100000000000000089e+00 4.610244605404555074e+01
3.200000000000000178e+00 4.770667500089900415e+01
3.300000000000000266e+00 4.931919263429579559e+01
3.400000000000000355e+00 5.093979075570213411e+01
3.500000000000000000e+00 5.256821361514407442e+01
3.600000000000000089e+00 5.420415581588147091e+01
3.700000000000000178e+00 5.584726016976082263e+01
3.800000000000000266e+00 5.749711550449671194e+01
3.900000000000000355e+00 5.915325442456339289e+01
4.000000000000000000e+00 6.081515102783534132e+01
4.100000000000000533e+00 6.248221858059193323e+01
4.200000000000000178e+00 6.415380715399996348e+01
4.299999999999999822e+00 6.582920122570077126e+01
4.400000000000000355e+00 6.750761725065684971e+01
4.500000000000000000e+00 6.918820120595323431e+01
4.600000000000000533e+00 7.087002611479451275e+01
4.700000000000000178e+00 7.255208955549029781e+01
4.800000000000000711e+00 7.423331116177267575e+01
4.900000000000000355e+00 7.591253012133682887e+01
5.000000000000000000e+00 7.758850268003487827e+01
5.100000000000000533e+00 7.925989965967973205e+01
5.200000000000000178e+00 8.092530399792516960e+01
5.300000000000000711e+00 8.258320831917572491e+01
5.400000000000000355e+00 8.423201254594131626e+01
5.500000000000000000e+00 8.587002156048056634e+01
5.600000000000000533e+00 8.749544292697115111e+01
5.700000000000000178e+00 8.910638468479807273e+01
5.800000000000000711e+00 9.070085322385818927e+01
5.900000000000000355e+00 9.227675125303768766e+01
6.000000000000000000e+00 9.383187587322299805e+01
6.100000000000000533e+00 9.536391676635190606e+01
6.200000000000000178e+00 9.687045451209624503e+01
6.300000000000000711e+00 9.834895904378747389e+01
6.400000000000000355e+00 9.979678825514793061e+01
6.500000000000000000e+00 1.012111867692724303e+02
6.600000000000000533e+00 1.025892848811134428e+02
6.700000000000000178e+00 1.039280976844582227e+02
6.800000000000000711e+00 1.052245243940451047e+02
6.900000000000000355e+00 1.064753478730504668e+02
7.000000000000000000e+00 1.076772343756856287e+02
7.100000000000000533e+00 1.088267335140751868e+02
7.200000000000000178e+00 1.099202784579481431e+02
7.300000000000000711e+00 1.109541863749588799e+02
7.400000000000000355e+00 1.119246591186727073e+02
7.500000000000000000e+00 1.128277841704012872e+02
7.600000000000000533e+00 1.136595358401606290e+02
7.700000000000000178e+00 1.144157767310543647e+02
7.800000000000000711e+00 1.150922594703591244e+02
7.900000000000000355e+00 1.156846287095175825e+02
8.000000000000000000e+00 1.161884233941285061e+02
8.099999999999999645e+00 1.165990793038719460e+02
8.200000000000001066e+00 1.169119318611279965e+02
8.300000000000000711e+00 1.171222192058453260e+02
8.400000000000000355e+00 1.172250855329974968e+02
8.500000000000000000e+00 1.172155846877435295e+02
8.599999999999999645e+00 1.170886840121857091e+02
8.700000000000001066e+00 1.168392684364064564e+02
8.800000000000000711e+00 1.164621448052696735e+02
8.900000000000000355e+00 1.159520464313047370e+02
9.000000000000000000e+00 1.153036378628552967e+02
9.099999999999999645e+00 1.145115198555829465e+02
9.200000000000001066e+00 1.135702345343729291e+02
9.300000000000000711e+00 1.124742707317040242e+02
9.400000000000000355e+00 1.112180694876228273e+02
9.500000000000000000e+00 1.097960296956144362e+02
9.600000000000001421e+00 1.082025138778890465e+02
9.700000000000001066e+00 1.064318540729150158e+02
9.800000000000000711e+00 1.044783578174295826e+02
9.900000000000000355e+00 1.023363142046501792e+02
1.000000000000000000e+01 1.000000000000000000e+02
