t = 4.680000
x    u(x,t)
0.000000000000000000e+00 0.000000000000000000e+00
1.000000000000000056e-01 8.132712767351185645e-01
2.000000000000000111e-01 1.627279799006353889e+00
3.000000000000000444e-01 2.442761218434636117e+00
4.000000000000000222e-01 3.260448008356913618e+00
5.000000000000000000e-01 4.081067898427809482e+00
6.000000000000000888e-01 4.905342337372571748e+00
7.000000000000000666e-01 5.733984992710944084e+00
8.000000000000000444e-01 6.567700295796664811e+00
9.000000000000000222e-01 7.407182039934061990e+00
1.000000000000000000e+00 8.253112038648616533e+00
1.100000000000000089e+00 9.106158850409913796e+00
1.200000000000000178e+00 9.966976575241822900e+00
1.300000000000000044e+00 1.083620372771558493e+01
1.400000000000000133e+00 1.171446218981627219e+01
1.500000000000000000e+00 1.260235624611259553e+01
1.600000000000000089e+00 1.350047170255450979e+01
1.700000000000000178e+00 1.440937508908293552e+01
1.800000000000000044e+00 1.532961294507203576e+01
1.900000000000000133e+00 1.626171118544652572e+01
2.000000000000000000e+00 1.720617454413427794e+01
2.100000000000000089e+00 1.816348609033773442e+01
2.200000000000000178e+00 1.913410681194388374e+01
2.300000000000000266e+00 2.011847525925110958e+01
2.400000000000000355e+00 2.111700724107810245e+01
2.500000000000000000e+00 2.213009556424270485e+01
2.600000000000000089e+00 2.315810980636261363e+01
2.700000000000000178e+00 2.420139611094068499e+01
2.800000000000000266e+00 2.526027699276032479e+01
2.900000000000000355e+00 2.633505114073481579e+01
3.000000000000000000e+00 2.742599320453405909e+01
3.100000000000000089e+00 2.853335355055542877e+01
3.200000000000000178e+00 2.965735797211822344e+01
3.300000000000000266e+00 3.079820733814644740e+01
3.400000000000000355e+00 3.195607716406779630e+01
3.500000000000000000e+00 3.313111708820309786e+01
3.600000000000000089e+00 3.432345023655568639e+01
3.700000000000000178e+00 3.553317245864090523e+01
3.800000000000000266e+00 3.676035141683033203e+01
3.900000000000000355e+00 3.800502551163041431e+01
4.000000000000000000e+00 3.926720262538274397e+01
4.100000000000000533e+00 4.054685866707112041e+01
4.200000000000000178e+00 4.184393590126203577e+01
4.299999999999999822e+00 4.315834104470098254e+01
4.400000000000000355e+00 4.448994311475016161e+01
4.500000000000000000e+00 4.583857101469707374e+01
4.600000000000000533e+00 4.720401084200031505e+01
4.700000000000000178e+00 4.858600290678137412e+01
4.800000000000000711e+00 4.998423844933320481e+01
4.900000000000000355e+00 5.139835604710597750e+01
5.000000000000000000e+00 5.282793770356047247e+01
5.100000000000000533e+00 5.427250461345465027e+01
5.200000000000000178e+00 5.573151260155671594e+01
5.300000000000000711e+00 5.720434723445867320e+01
5.400000000000000355e+00 5.869031860809775480e+01
5.500000000000000000e+00 6.018865581677268040e+01
5.600000000000000533e+00 6.169850111285918359e+01
5.700000000000000178e+00 6.321890377006793926e+01
5.800000000000000711e+00 6.474881366693023210e+01
5.900000000000000355e+00 6.628707461121470601e+01
6.000000000000000000e+00 6.783241743014374947e+01
6.100000000000000533e+00 6.938345285555203645e+01
6.200000000000000178e+00 7.093866423747179795e+01
6.300000000000000711e+00 7.249640012398897682e+01
6.400000000000000355e+00 7.405486674954339321e+01
6.500000000000000000e+00 7.561212047808180614e+01
6.600000000000000533e+00 7.716606025155731174e+01
6.700000000000000178e+00 7.871442009813563345e+01
6.800000000000000711e+00 8.025476175805080459e+01
6.900000000000000355e+00 8.178446748828235968e+01
7.000000000000000000e+00 8.330073311003221193e+01
7.100000000000000533e+00 8.480056136529590560e+01
7.200000000000000178e+00 8.628075565058306040e+01
7.300000000000000711e+00 8.773791419698258665e+01
7.400000000000000355e+00 8.916842476623399705e+01
7.500000000000000000e+00 9.056845993220470348e+01
7.600000000000000533e+00 9.193397301614130868e+01
7.700000000000000178e+00 9.326069474222782674e+01
7.800000000000000711e+00 9.454413067731846354e+01
7.900000000000000355e+00 9.577955951520874578e+01
8.000000000000000000e+00 9.696203226146035092e+01
8.099999999999999645e+00 9.808637236961939720e+01
8.200000000000001066e+00 9.914717687368653287e+01
8.300000000000000711e+00 1.001388185549522518e+02
8.400000000000000355e+00 1.010554491738523524e+02
8.500000000000000000e+00 1.018910037893944462e+02
8.599999999999999645e+00 1.026392061800349609e+02
8.700000000000001066e+00 1.032935753707369884e+02
8.800000000000000711e+00 1.038474332614150910e+02
8.900000000000000355e+00 1.042939133421842257e+02
9.000000000000000000e+00 1.046259704708937619e+02
9.099999999999999645e+00 1.048363916784716707e+02
9.200000000000001066e+00 1.049178079577537375e+02
9.300000000000000711e+00 1.048627069818611943e+02
9.400000000000000355e+00 1.046634466889460811e+02
9.500000000000000000e+00 1.043122696613763907e+02
9.600000000000001421e+00 1.038013182193044344e+02
9.700000000000001066e+00 1.031226501411672842e+02
9.800000000000000711e+00 1.022682549171169484e+02
9.900000000000000355e+00 1.012300704357610215e+02
1.000000000000000000e+01 1.000000000000000000e+02
