t = 9.990000
x    u(x,t)
0.000000000000000000e+00 0.000000000000000000e+00
1.000000000000000056e-01 1.497459592853761290e+00
2.000000000000000111e-01 2.995349162133662979e+00
3.000000000000000444e-01 4.494097506465335456e+00
4.000000000000000222e-01 5.994131067182196126e+00
5.000000000000000000e-01 7.495872745448527219e+00
6.000000000000000888e-01 8.999740714297837840e+00
7.000000000000000666e-01 1.050614722387907030e+01
8.000000000000000444e-01 1.201549739819333240e+01
9.000000000000000222e-01 1.352818802159237066e+01
1.000000000000000000e+00 1.504460631329780185e+01
1.100000000000000089e+00 1.656512868818786544e+01
1.200000000000000178e+00 1.809011950208682507e+01
1.300000000000000044e+00 1.961992977978261621e+01
1.400000000000000133e+00 2.115489592399131524e+01
1.500000000000000000e+00 2.269533840348417542e+01
1.600000000000000089e+00 2.424156041859541943e+01
1.700000000000000178e+00 2.579384654233749785e+01
1.800000000000000044e+00 2.735246133536735513e+01
1.900000000000000133e+00 2.891764793307260817e+01
2.000000000000000000e+00 3.048962660308263750e+01
2.100000000000000089e+00 3.206859327155766692e+01
2.200000000000000178e+00 3.365471801666916463e+01
2.300000000000000266e+00 3.524814352776076021e+01
2.400000000000000355e+00 3.684898352876901839e+01
2.500000000000000000e+00 3.845732116459110728e+01
2.600000000000000089e+00 4.007320734921143668e+01
2.700000000000000178e+00 4.169665907454314180e+01
2.800000000000000266e+00 4.332765767910382237e+01
2.900000000000000355e+00 4.496614707582801884e+01
3.000000000000000000e+00 4.661203193852357174e+01
3.100000000000000089e+00 4.826517584670409633e+01
3.200000000000000178e+00 4.992539938877655459e+01
3.300000000000000266e+00 5.159247822383095894e+01
3.400000000000000355e+00 5.326614110256774381e+01
3.500000000000000000e+00 5.494606784820860668e+01
3.600000000000000089e+00 5.663188729856562986e+01
3.700000000000000178e+00 5.832317521079282585e+01
3.800000000000000266e+00 6.001945213071093121e+01
3.900000000000000355e+00 6.172018122897944181e+01
4.000000000000000000e+00 6.342476610678903626e+01
4.100000000000000533e+00 6.513254857415915922e+01
4.200000000000000178e+00 6.684280640434913323e+01
4.299999999999999822e+00 6.855475106832327015e+01
4.400000000000000355e+00 7.026752545364912805e+01
4.500000000000000000e+00 7.198020157265163732e+01
4.600000000000000533e+00 7.369177826508844475e+01
4.700000000000000178e+00 7.540117890105462095e+01
4.800000000000000711e+00 7.710724909026079388e+01
4.900000000000000355e+00 7.880875440425705847e+01
5.000000000000000000e+00 8.050437811859100634e+01
5.100000000000000533e+00 8.219271898228818429e+01
5.200000000000000178e+00 8.387228902242559059e+01
5.300000000000000711e+00 8.554151139192616426e+01
5.400000000000000355e+00 8.719871826903494139e+01
5.500000000000000000e+00 8.884214881723949020e+01
5.600000000000000533e+00 9.046994721466539602e+01
5.700000000000000178e+00 9.208016076220916091e+01
5.800000000000000711e+00 9.367073807986136558e+01
5.900000000000000355e+00 9.523952740082022217e+01
6.000000000000000000e+00 9.678427497309654370e+01
6.100000000000000533e+00 9.830262357836122078e+01
6.200000000000000178e+00 9.979211117778707774e+01
6.300000000000000711e+00 1.012501696945800660e+02
6.400000000000000355e+00 1.026741239427850729e+02
6.500000000000000000e+00 1.040611907117817339e+02
6.600000000000000533e+00 1.054084780156582184e+02
6.700000000000000178e+00 1.067129845163636617e+02
6.800000000000000711e+00 1.079715991291918868e+02
6.900000000000000355e+00 1.091811008187412853e+02
7.000000000000000000e+00 1.103381585930286235e+02
7.100000000000000533e+00 1.114393317029083192e+02
7.200000000000000178e+00 1.124810700533659258e+02
7.300000000000000711e+00 1.134597148326145373e+02
7.400000000000000355e+00 1.143714993642327471e+02
7.500000000000000000e+00 1.152125501868390387e+02
7.600000000000000533e+00 1.159788883650091691e+02
7.700000000000000178e+00 1.166664310343104489e+02
7.800000000000000711e+00 1.172709931824543901e+02
7.900000000000000355e+00 1.177882896676629656e+02
8.000000000000000000e+00 1.182139374744060945e+02
8.099999999999999645e+00 1.185434582057071253e+02
8.200000000000001066e+00 1.187722808102317344e+02
8.300000000000000711e+00 1.188957445413805516e+02
8.400000000000000355e+00 1.189091021446040060e+02
8.500000000000000000e+00 1.188075232681533180e+02
8.599999999999999645e+00 1.185860980914824978e+02
8.700000000000001066e+00 1.182398411645279879e+02
8.800000000000000711e+00 1.177636954501211335e+02
8.900000000000000355e+00 1.171525365608414262e+02
9.000000000000000000e+00 1.164011771807014526e+02
9.099999999999999645e+00 1.155043716611717457e+02
9.200000000000001066e+00 1.144568207802160344e+02
9.300000000000000711e+00 1.132531766522140799e+02
9.400000000000000355e+00 1.118880477759115166e+02
9.500000000000000000e+00 1.103560042068549620e+02
9.600000000000001421e+00 1.086515828401538641e+02
9.700000000000001066e+00 1.067692927888600707e+02
9.800000000000000711e+00 1.047036208427767008e+02
9.900000000000000355e+00 1.024490369921036290e+02
1.000000000000000000e+01 1.000000000000000000e+02
