t = 2.560000
x    u(x,t)
0.000000000000000000e+00 0.000000000000000000e+00
1.000000000000000056e-01 5.114063745913423054e-01
2.000000000000000111e-01 1.023810101438202169e+00
3.000000000000000444e-01 1.538204633133265054e+00
4.000000000000000222e-01 2.055575668743306661e+00
5.000000000000000000e-01 2.576897390647698405e+00
6.000000000000000888e-01 3.103128835209131520e+00
7.000000000000000666e-01 3.635210437811147166e+00
8.000000000000000444e-01 4.174060789446636832e+00
9.000000000000000222e-01 4.720573638026732688e+00
1.000000000000000000e+00 5.275615163007070230e+00
1.100000000000000089e+00 5.840021546917447459e+00
1.200000000000000178e+00 6.414596862059716464e+00
1.300000000000000044e+00 7.000111285139936079e+00
1.400000000000000133e+00 7.597299647057215388e+00
1.500000000000000000e+00 8.206860319612534482e+00
1.600000000000000089e+00 8.829454435647372534e+00
1.700000000000000178e+00 9.465705434184123135e+00
1.800000000000000044e+00 1.011619891761453438e+01
1.900000000000000133e+00 1.078148280394764846e+01
2.000000000000000000e+00 1.146206775364710317e+01
2.100000000000000089e+00 1.215842784770138252e+01
2.200000000000000178e+00 1.287100149130279725e+01
2.300000000000000266e+00 1.360019251586638056e+01
2.400000000000000355e+00 1.434637145108465184e+01
2.500000000000000000e+00 1.510987693825857114e+01
2.600000000000000089e+00 1.589101725622448669e+01
2.700000000000000178e+00 1.669007193175484716e+01
2.800000000000000266e+00 1.750729340728010897e+01
2.900000000000000355e+00 1.834290874008659600e+01
3.000000000000000000e+00 1.919712130871118561e+01
3.100000000000000089e+00 2.007011250399704139e+01
3.200000000000000178e+00 2.096204338411301293e+01
3.300000000000000266e+00 2.187305627469324776e+01
3.400000000000000355e+00 2.280327629704479264e+01
3.500000000000000000e+00 2.375281280902905579e+01
3.600000000000000089e+00 2.472176074468040952e+01
3.700000000000000178e+00 2.571020183982317775e+01
3.800000000000000266e+00 2.671820573183521930e+01
3.900000000000000355e+00 2.774583092223731384e+01
4.000000000000000000e+00 2.879312559092868895e+01
4.100000000000000533e+00 2.986012825061148845e+01
4.200000000000000178e+00 3.094686822923462088e+01
4.299999999999999822e+00 3.205336596712923836e+01
4.400000000000000355e+00 3.317963311390622749e+01
4.500000000000000000e+00 3.432567240815050980e+01
4.600000000000000533e+00 3.549147732049876680e+01
4.700000000000000178e+00 3.667703143785920616e+01
4.800000000000000711e+00 3.788230756336955096e+01
4.900000000000000355e+00 3.910726650325046450e+01
5.000000000000000000e+00 4.035185550806998833e+01
5.100000000000000533e+00 4.161600633217723555e+01
5.200000000000000178e+00 4.289963287129731384e+01
5.300000000000000711e+00 4.420262833462426499e+01
5.400000000000000355e+00 4.552486190434488122e+01
5.500000000000000000e+00 4.686617483252945959e+01
5.600000000000000533e+00 4.822637592290760722e+01
5.700000000000000178e+00 4.960523634339540422e+01
5.800000000000000711e+00 5.100248371455133167e+01
5.900000000000000355e+00 5.241779541961957278e+01
6.000000000000000000e+00 5.385079108367906287e+01
6.100000000000000533e+00 5.530102417286120442e+01
6.200000000000000178e+00 5.676797266982548962e+01
6.300000000000000711e+00 5.825102878886827540e+01
6.400000000000000355e+00 5.974948770333811865e+01
6.500000000000000000e+00 6.126253526955694184e+01
6.600000000000000533e+00 6.278923474526838078e+01
6.700000000000000178e+00 6.432851251676854076e+01
6.800000000000000711e+00 6.587914286726568491e+01
6.900000000000000355e+00 6.743973183953957573e+01
7.000000000000000000e+00 6.900870026842272864e+01
7.100000000000000533e+00 7.058426608270900715e+01
7.200000000000000178e+00 7.216442600143211905e+01
7.300000000000000711e+00 7.374693677557586113e+01
7.400000000000000355e+00 7.532929615262571588e+01
7.500000000000000000e+00 7.690872376731790894e+01
7.600000000000000533e+00 7.848214218678742782e+01
7.700000000000000178e+00 8.004615836131587514e+01
7.800000000000000711e+00 8.159704575224904488e+01
7.900000000000000355e+00 8.313072742560532902e+01
8.000000000000000000e+00 8.464276041265166839e+01
8.099999999999999645e+00 8.612832164655085876e+01
8.200000000000001066e+00 8.758219578641768521e+01
8.300000000000000711e+00 8.899876523619712998e+01
8.400000000000000355e+00 9.037200265525754617e+01
8.500000000000000000e+00 9.169546624018492764e+01
8.599999999999999645e+00 9.296229803286182403e+01
8.700000000000001066e+00 9.416522547858868109e+01
8.800000000000000711e+00 9.529656642003691047e+01
8.900000000000000355e+00 9.634823766870138684e+01
9.000000000000000000e+00 9.731176724593173333e+01
9.099999999999999645e+00 9.817831033146133279e+01
9.200000000000001066e+00 9.893866889968093403e+01
9.300000000000000711e+00 9.958331496394177407e+01
9.400000000000000355e+00 1.001024172882630126e+02
9.500000000000000000e+00 1.004858713653804472e+02
9.600000000000001421e+00 1.007233324015801799e+02
9.700000000000001066e+00 1.008042509936684183e+02
9.800000000000000711e+00 1.007179111331527963e+02
9.900000000000000355e+00 1.004534701285636658e+02
1.000000000000000000e+01 1.000000000000000000e+02
