t = 9.760000
x    u(x,t)
0.000000000000000000e+00 0.000000000000000000e+00
1.000000000000000056e-01 1.469438519118244635e+00
2.000000000000000111e-01 2.939320449935287183e+00
3.000000000000000444e-01 4.410088045580847549e+00
4.000000000000000222e-01 5.882181240396836763e+00
5.000000000000000000e-01 7.356036486414853748e+00
6.000000000000000888e-01 8.832085584867021666e+00
7.000000000000000666e-01 1.031075451105450291e+01
8.000000000000000444e-01 1.179246223088167511e+01
9.000000000000000222e-01 1.327761950734460683e+01
1.000000000000000000e+00 1.476662769524100050e+01
1.100000000000000089e+00 1.625987752234568973e+01
1.200000000000000178e+00 1.775774785527252675e+01
1.300000000000000044e+00 1.926060444822086382e+01
1.400000000000000133e+00 2.076879867278372771e+01
1.500000000000000000e+00 2.228266622697765342e+01
1.600000000000000089e+00 2.380252582164062858e+01
1.700000000000000178e+00 2.532867784233755160e+01
1.800000000000000044e+00 2.686140298491305600e+01
1.900000000000000133e+00 2.840096086284049193e+01
2.000000000000000000e+00 2.994758858453556272e+01
2.100000000000000089e+00 3.150149929883510325e+01
2.200000000000000178e+00 3.306288070688595582e+01
2.300000000000000266e+00 3.463189353874973619e+01
2.400000000000000355e+00 3.620866999310509016e+01
2.500000000000000000e+00 3.779331213852366034e+01
2.600000000000000089e+00 3.938589027490880312e+01
2.700000000000000178e+00 4.098644125381957082e+01
2.800000000000000266e+00 4.259496675655712039e+01
2.900000000000000355e+00 4.421143152906617502e+01
3.000000000000000000e+00 4.583576157290438147e+01
3.100000000000000089e+00 4.746784229175403169e+01
3.200000000000000178e+00 4.910751659319669216e+01
3.300000000000000266e+00 5.075458294574136886e+01
3.400000000000000355e+00 5.240879339138917459e+01
3.500000000000000000e+00 5.406985151433514858e+01
3.600000000000000089e+00 5.573741036674618243e+01
3.700000000000000178e+00 5.741107035291591387e+01
3.800000000000000266e+00 5.909037707347973623e+01
3.900000000000000355e+00 6.077481913177383888e+01
4.000000000000000000e+00 6.246382590484284236e+01
4.100000000000000533e+00 6.415676528203560736e+01
4.200000000000000178e+00 6.585294137457928798e+01
4.299999999999999822e+00 6.755159219998262188e+01
4.400000000000000355e+00 6.925188734558990689e+01
4.500000000000000000e+00 7.095292561608439996e+01
4.600000000000000533e+00 7.265373267021954007e+01
4.700000000000000178e+00 7.435325865253609834e+01
4.800000000000000711e+00 7.605037582629999804e+01
4.900000000000000355e+00 7.774387621436478923e+01
5.000000000000000000e+00 7.943246925512148948e+01
5.100000000000000533e+00 8.111477948114148262e+01
5.200000000000000178e+00 8.278934422854420916e+01
5.300000000000000711e+00 8.445461138552367686e+01
5.400000000000000355e+00 8.610893718884274506e+01
5.500000000000000000e+00 8.775058407745105171e+01
5.600000000000000533e+00 8.937771861269115448e+01
5.700000000000000178e+00 9.098840947483137143e+01
5.800000000000000711e+00 9.258062554589187698e+01
5.900000000000000355e+00 9.415223408891620238e+01
6.000000000000000000e+00 9.570099903397378682e+01
6.100000000000000533e+00 9.722457938126196098e+01
6.200000000000000178e+00 9.872052773170305784e+01
6.300000000000000711e+00 1.001862889554004141e+02
6.400000000000000355e+00 1.016191990082264311e+02
6.500000000000000000e+00 1.030164839066623159e+02
6.600000000000000533e+00 1.043752588707919671e+02
6.700000000000000178e+00 1.056925276450708822e+02
6.800000000000000711e+00 1.069651820061436780e+02
6.900000000000000355e+00 1.081900014665718999e+02
7.000000000000000000e+00 1.093636531828551455e+02
7.100000000000000533e+00 1.104826920755880622e+02
7.200000000000000178e+00 1.115435611689893705e+02
7.300000000000000711e+00 1.125425921563747522e+02
7.400000000000000355e+00 1.134760061974194372e+02
7.500000000000000000e+00 1.143399149522774394e+02
7.600000000000000533e+00 1.151303218567903457e+02
7.700000000000000178e+00 1.158431236421389769e+02
7.800000000000000711e+00 1.164741121013646250e+02
7.900000000000000355e+00 1.170189761042231424e+02
8.000000000000000000e+00 1.174733038608354718e+02
8.099999999999999645e+00 1.178325854335723335e+02
8.200000000000001066e+00 1.180922154955593157e+02
8.300000000000000711e+00 1.182474963331250706e+02
8.400000000000000355e+00 1.182936410884364022e+02
8.500000000000000000e+00 1.182257772374869376e+02
8.599999999999999645e+00 1.180389502975301639e+02
8.700000000000001066e+00 1.177281277569821185e+02
8.800000000000000711e+00 1.172882032197725835e+02
8.900000000000000355e+00 1.167140007550999599e+02
9.000000000000000000e+00 1.160002794425541452e+02
9.099999999999999645e+00 1.151417381016183299e+02
9.200000000000001066e+00 1.141330201936523423e+02
9.300000000000000711e+00 1.129687188836025200e+02
9.400000000000000355e+00 1.116433822478822862e+02
9.500000000000000000e+00 1.101515186141307652e+02
9.600000000000001421e+00 1.084876020178863172e+02
9.700000000000001066e+00 1.066460777606148724e+02
9.800000000000000711e+00 1.046213680530135406e+02
9.900000000000000355e+00 1.024078777270694616e+02
1.000000000000000000e+01 1.000000000000000000e+02
