t = 0.130000
x    u(x,t)
0.000000000000000000e+00 0.000000000000000000e+00
1.000000000000000056e-01 7.092276321690201002e-02
2.000000000000000111e-01 1.462655342762383681e-01
3.000000000000000444e-01 2.301041419279435396e-01
4.000000000000000222e-01 3.259078846861290790e-01
5.000000000000000000e-01 4.364079311821248419e-01
6.000000000000000888e-01 5.635983284418840666e-01
7.000000000000000666e-01 7.088338847462087866e-01
8.000000000000000444e-01 8.729744996589855477e-01
9.000000000000000222e-01 1.056532132750198194e+00
1.000000000000000000e+00 1.259793916443449069e+00
1.100000000000000089e+00 1.482912193376180410e+00
1.200000000000000178e+00 1.725963741688323783e+00
1.300000000000000044e+00 1.988985462061338083e+00
1.400000000000000133e+00 2.271994329724041251e+00
1.500000000000000000e+00 2.574997844902872757e+00
1.600000000000000089e+00 2.897999200524980612e+00
1.700000000000000178e+00 3.240999710072857365e+00
1.800000000000000044e+00 3.603999897069258829e+00
1.900000000000000133e+00 3.986999964177463163e+00
2.000000000000000000e+00 4.389999987763325784e+00
2.100000000000000089e+00 4.812999995892599969e+00
2.200000000000000178e+00 5.255999998643779314e+00
2.300000000000000266e+00 5.718999999559056135e+00
2.400000000000000355e+00 6.201999999858704982e+00
2.500000000000000000e+00 6.704999999955337131e+00
2.600000000000000089e+00 7.227999999986066015e+00
2.700000000000000178e+00 7.770999999995710006e+00
2.800000000000000266e+00 8.333999999998695785e+00
2.900000000000000355e+00 8.916999999999607240e+00
3.000000000000000000e+00 9.519999999999884110e+00
3.100000000000000089e+00 1.014299999999997404e+01
3.200000000000000178e+00 1.078600000000000314e+01
3.300000000000000266e+00 1.144900000000001050e+01
3.400000000000000355e+00 1.213200000000000678e+01
3.500000000000000000e+00 1.283500000000000263e+01
3.600000000000000089e+00 1.355800000000000871e+01
3.700000000000000178e+00 1.430100000000001614e+01
3.800000000000000266e+00 1.506400000000001427e+01
3.900000000000000355e+00 1.584700000000001374e+01
4.000000000000000000e+00 1.665000000000001279e+01
4.100000000000000533e+00 1.747300000000001319e+01
4.200000000000000178e+00 1.831600000000000961e+01
4.299999999999999822e+00 1.917900000000000915e+01
4.400000000000000355e+00 2.006200000000001538e+01
4.500000000000000000e+00 2.096500000000002117e+01
4.600000000000000533e+00 2.188800000000002655e+01
4.700000000000000178e+00 2.283100000000002439e+01
4.800000000000000711e+00 2.379400000000002535e+01
4.900000000000000355e+00 2.477700000000001879e+01
5.000000000000000000e+00 2.578000000000001535e+01
5.100000000000000533e+00 2.680300000000002214e+01
5.200000000000000178e+00 2.784600000000001785e+01
5.300000000000000711e+00 2.890900000000002024e+01
5.400000000000000355e+00 2.999200000000001154e+01
5.500000000000000000e+00 3.109500000000001663e+01
5.600000000000000533e+00 3.221800000000002484e+01
5.700000000000000178e+00 3.336100000000001842e+01
5.800000000000000711e+00 3.452400000000002223e+01
5.900000000000000355e+00 3.570700000000001495e+01
6.000000000000000000e+00 3.691000000000001791e+01
6.100000000000000533e+00 3.813300000000003109e+01
6.200000000000000178e+00 3.937600000000004030e+01
6.300000000000000711e+00 4.063900000000003132e+01
6.400000000000000355e+00 4.192200000000001836e+01
6.500000000000000000e+00 4.322500000000000853e+01
6.600000000000000533e+00 4.454800000000000892e+01
6.700000000000000178e+00 4.589099999999999113e+01
6.800000000000000711e+00 4.725399999999991252e+01
6.900000000000000355e+00 4.863699999999963097e+01
7.000000000000000000e+00 5.003999999999872728e+01
7.100000000000000533e+00 5.146299999999569508e+01
7.200000000000000178e+00 5.290599999998563874e+01
7.300000000000000711e+00 5.436899999995278421e+01
7.400000000000000355e+00 5.585199999984672559e+01
7.500000000000000000e+00 5.735499999950876315e+01
7.600000000000000533e+00 5.887799999844580157e+01
7.700000000000000178e+00 6.042099999514962150e+01
7.800000000000000711e+00 6.198399998508153885e+01
7.900000000000000355e+00 6.356699995481854870e+01
8.000000000000000000e+00 6.516999986539654799e+01
8.099999999999999645e+00 6.679299960595203345e+01
8.200000000000001066e+00 6.843599886776182473e+01
8.300000000000000711e+00 7.009899681080136702e+01
8.400000000000000355e+00 7.178199120577470183e+01
8.500000000000000000e+00 7.348497629393150987e+01
8.599999999999999645e+00 7.520793762696436602e+01
8.700000000000001066e+00 7.695084008267468789e+01
8.800000000000000711e+00 7.871360115857150674e+01
8.900000000000000355e+00 8.049603412713790362e+01
9.000000000000000000e+00 8.229773308087786177e+01
9.099999999999999645e+00 8.411785346025207843e+01
9.200000000000001066e+00 8.595471949624875663e+01
9.300000000000000711e+00 8.780517273220819163e+01
9.400000000000000355e+00 8.966358161286059669e+01
9.500000000000000000e+00 9.152048724300324523e+01
9.600000000000001421e+00 9.336098673154737071e+01
9.700000000000001066e+00 9.516314556120731538e+01
9.800000000000000711e+00 9.689692087703853929e+01
9.900000000000000355e+00 9.852415039538587394e+01
1.000000000000000000e+01 1.000000000000000000e+02
