t = 3.620000
x    u(x,t)
0.000000000000000000e+00 0.000000000000000000e+00
1.000000000000000056e-01 6.656855283412310698e-01
2.000000000000000111e-01 1.332209751359248795e+00
3.000000000000000444e-01 2.000409043732415793e+00
4.000000000000000222e-01 2.671115159295582853e+00
5.000000000000000000e-01 3.345152968230811208e+00
6.000000000000000888e-01 4.023338250639657332e+00
7.000000000000000666e-01 4.706475564050117910e+00
8.000000000000000444e-01 5.395356201377271788e+00
9.000000000000000222e-01 6.090756254599941855e+00
1.000000000000000000e+00 6.793434797958963323e+00
1.100000000000000089e+00 7.504132202851474531e+00
1.200000000000000178e+00 8.223568594818436495e+00
1.300000000000000044e+00 8.952442461129290763e+00
1.400000000000000133e+00 9.691429415489425381e+00
1.500000000000000000e+00 1.044118112436435908e+01
1.600000000000000089e+00 1.120232439736032148e+01
1.700000000000000178e+00 1.197546044205351734e+01
1.800000000000000044e+00 1.276116428164858085e+01
1.900000000000000133e+00 1.355998433189472330e+01
2.000000000000000000e+00 1.437244213181943842e+01
2.100000000000000089e+00 1.519903222107256369e+01
2.200000000000000178e+00 1.604022215502297755e+01
2.300000000000000266e+00 1.689645264722833673e+01
2.400000000000000355e+00 1.776813782751068871e+01
2.500000000000000000e+00 1.865566560262182350e+01
2.600000000000000089e+00 1.955939810536961332e+01
2.700000000000000178e+00 2.047967221709679464e+01
2.800000000000000266e+00 2.141680014754750871e+01
2.900000000000000355e+00 2.237107005541407645e+01
3.000000000000000000e+00 2.334274669221344567e+01
3.100000000000000089e+00 2.433207205158416642e+01
3.200000000000000178e+00 2.533926600560432973e+01
3.300000000000000266e+00 2.636452690929198539e+01
3.400000000000000355e+00 2.740803215404526583e+01
3.500000000000000000e+00 2.846993865039473093e+01
3.600000000000000089e+00 2.955038322006100415e+01
3.700000000000000178e+00 3.064948287692559603e+01
3.800000000000000266e+00 3.176733497612392298e+01
3.900000000000000355e+00 3.290401721005074620e+01
4.000000000000000000e+00 3.405958742963257890e+01
4.100000000000000533e+00 3.523408326876977270e+01
4.200000000000000178e+00 3.642752154939628184e+01
4.299999999999999822e+00 3.763989744415990657e+01
4.400000000000000355e+00 3.887118337331283868e+01
4.500000000000000000e+00 4.012132761204749443e+01
4.600000000000000533e+00 4.139025258424744891e+01
4.700000000000000178e+00 4.267785281848561851e+01
4.800000000000000711e+00 4.398399254213395437e+01
4.900000000000000355e+00 4.530850288969612194e+01
5.000000000000000000e+00 4.665117870198798045e+01
5.100000000000000533e+00 4.801177489362051887e+01
5.200000000000000178e+00 4.939000236744164596e+01
5.300000000000000711e+00 5.078552345621805131e+01
5.400000000000000355e+00 5.219794687393965660e+01
5.500000000000000000e+00 5.362682216175409877e+01
5.600000000000000533e+00 5.507163361673229218e+01
5.700000000000000178e+00 5.653179369546322874e+01
5.800000000000000711e+00 5.800663588890752465e+01
5.900000000000000355e+00 5.949540707001895612e+01
6.000000000000000000e+00 6.099725932138125728e+01
6.100000000000000533e+00 6.251124125648917129e+01
6.200000000000000178e+00 6.403628885530960702e+01
6.300000000000000711e+00 6.557121584234428724e+01
6.400000000000000355e+00 6.711470364352271645e+01
6.500000000000000000e+00 6.866529096680471866e+01
6.600000000000000533e+00 7.022136306026689567e+01
6.700000000000000178e+00 7.178114071057279943e+01
6.800000000000000711e+00 7.334266905394581215e+01
6.900000000000000355e+00 7.490380628092712811e+01
7.000000000000000000e+00 7.646221232514251653e+01
7.100000000000000533e+00 7.801533763484049189e+01
7.200000000000000178e+00 7.956041213391459621e+01
7.300000000000000711e+00 8.109443448628721285e+01
7.400000000000000355e+00 8.261416178371536034e+01
7.500000000000000000e+00 8.411609978208748828e+01
7.600000000000000533e+00 8.559649381492282316e+01
7.700000000000000178e+00 8.705132051489083267e+01
7.800000000000000711e+00 8.847628047457426703e+01
7.900000000000000355e+00 8.986679197627242388e+01
8.000000000000000000e+00 9.121798591726968652e+01
8.099999999999999645e+00 9.252470205160022942e+01
8.200000000000001066e+00 9.378148666188121751e+01
8.300000000000000711e+00 9.498259176525688474e+01
8.400000000000000355e+00 9.612197594593403949e+01
8.500000000000000000e+00 9.719330689327361483e+01
8.599999999999999645e+00 9.818996570905736121e+01
8.700000000000001066e+00 9.910505303053932380e+01
8.800000000000000711e+00 9.993139699742526716e+01
8.900000000000000355e+00 1.006615630712491054e+02
9.000000000000000000e+00 1.012878656950114618e+02
9.099999999999999645e+00 1.018023817597277372e+02
9.200000000000001066e+00 1.021969658230334375e+02
9.300000000000000711e+00 1.024632670035698823e+02
9.400000000000000355e+00 1.025927474538857496e+02
9.500000000000000000e+00 1.025767022944053224e+02
9.600000000000001421e+00 1.024062808719939994e+02
9.700000000000001066e+00 1.020725091891404048e+02
9.800000000000000711e+00 1.015663133340975719e+02
9.900000000000000355e+00 1.008785437287740052e+02
1.000000000000000000e+01 1.000000000000000000e+02
