t = 8.130000
x    u(x,t)
0.000000000000000000e+00 0.000000000000000000e+00
1.000000000000000056e-01 1.266595391407963511e+00
2.000000000000000111e-01 2.533723868410464153e+00
3.000000000000000444e-01 3.801917461418387489e+00
4.000000000000000222e-01 5.071706089826841790e+00
5.000000000000000000e-01 6.343616504864112216e+00
6.000000000000000888e-01 7.618171230407621231e+00
7.000000000000000666e-01 8.895887500988079566e+00
8.000000000000000444e-01 1.017727619611804002e+01
9.000000000000000222e-01 1.146284076997682710e+01
1.000000000000000000e+00 1.275307617536200944e+01
1.100000000000000089e+00 1.404846778067954283e+01
1.200000000000000178e+00 1.534949027859235748e+01
1.300000000000000044e+00 1.665660658478303802e+01
1.400000000000000133e+00 1.797026672511185197e+01
1.500000000000000000e+00 1.929090670927023154e+01
1.600000000000000089e+00 2.061894738884407019e+01
1.700000000000000178e+00 2.195479329751350761e+01
1.800000000000000044e+00 2.329883147093031326e+01
1.900000000000000133e+00 2.465143024363237600e+01
2.000000000000000000e+00 2.601293802018144063e+01
2.100000000000000089e+00 2.738368201754837372e+01
2.200000000000000178e+00 2.876396697562207194e+01
2.300000000000000266e+00 3.015407383258938623e+01
2.400000000000000355e+00 3.155425836182466881e+01
2.500000000000000000e+00 3.296474976684480396e+01
2.600000000000000089e+00 3.438574923083009338e+01
2.700000000000000178e+00 3.581742841718762094e+01
2.800000000000000266e+00 3.725992791764446821e+01
2.900000000000000355e+00 3.871335564440525445e+01
3.000000000000000000e+00 4.017778516299662073e+01
3.100000000000000089e+00 4.165325396255099122e+01
3.200000000000000178e+00 4.313976166045679861e+01
3.300000000000000266e+00 4.463726813852318998e+01
3.400000000000000355e+00 4.614569160807617720e+01
3.500000000000000000e+00 4.766490660172159721e+01
3.600000000000000089e+00 4.919474188987836527e+01
3.700000000000000178e+00 5.073497832060414225e+01
3.800000000000000266e+00 5.228534658170443805e+01
3.900000000000000355e+00 5.384552488463475584e+01
4.000000000000000000e+00 5.541513657027260109e+01
4.100000000000000533e+00 5.699374763725082715e+01
4.200000000000000178e+00 5.858086419420350666e+01
4.299999999999999822e+00 6.017592983797742789e+01
4.400000000000000355e+00 6.177832296060344675e+01
4.500000000000000000e+00 6.338735398859951431e+01
4.600000000000000533e+00 6.500226255898535044e+01
4.700000000000000178e+00 6.662221463722333681e+01
4.800000000000000711e+00 6.824629958315739486e+01
4.900000000000000355e+00 6.987352717189291695e+01
5.000000000000000000e+00 7.150282457744232545e+01
5.100000000000000533e+00 7.313303332784443000e+01
5.200000000000000178e+00 7.476290624134581719e+01
5.300000000000000711e+00 7.639110435409909883e+01
5.400000000000000355e+00 7.801619385068147494e+01
5.500000000000000000e+00 7.963664300955733211e+01
5.600000000000000533e+00 8.125081917639232643e+01
5.700000000000000178e+00 8.285698577886867611e+01
5.800000000000000711e+00 8.445329939733753122e+01
5.900000000000000355e+00 8.603780690627384331e+01
6.000000000000000000e+00 8.760844270205731732e+01
6.100000000000000533e+00 8.916302603308517405e+01
6.200000000000000178e+00 9.069925844862159181e+01
6.300000000000000711e+00 9.221472138309462707e+01
6.400000000000000355e+00 9.370687389276045565e+01
6.500000000000000000e+00 9.517305056175813149e+01
6.600000000000000533e+00 9.661045959457295851e+01
6.700000000000000178e+00 9.801618111180508208e+01
6.800000000000000711e+00 9.938716566590075274e+01
6.900000000000000355e+00 1.007202329931412663e+02
7.000000000000000000e+00 1.020120710176994976e+02
7.100000000000000533e+00 1.032592351229617691e+02
7.200000000000000178e+00 1.044581477045768452e+02
7.300000000000000711e+00 1.056050980188309296e+02
7.400000000000000355e+00 1.066962423389652912e+02
7.500000000000000000e+00 1.077276044309479062e+02
7.600000000000000533e+00 1.086950763589937594e+02
7.700000000000000178e+00 1.095944196298009103e+02
7.800000000000000711e+00 1.104212666830381835e+02
7.900000000000000355e+00 1.111711227340969543e+02
8.000000000000000000e+00 1.118393679735076205e+02
8.099999999999999645e+00 1.124212601257344062e+02
8.200000000000001066e+00 1.129119373683110865e+02
8.300000000000000711e+00 1.133064216104727109e+02
8.400000000000000355e+00 1.135996221285926850e+02
8.500000000000000000e+00 1.137863395538582552e+02
8.599999999999999645e+00 1.138612702057287436e+02
8.700000000000001066e+00 1.138190107628301746e+02
8.800000000000000711e+00 1.136540632610638397e+02
8.900000000000000355e+00 1.133608404068579887e+02
9.000000000000000000e+00 1.129336711916874663e+02
9.099999999999999645e+00 1.123668067922376110e+02
9.200000000000001066e+00 1.116544267389127327e+02
9.300000000000000711e+00 1.107906453337979968e+02
9.400000000000000355e+00 1.097695182976898565e+02
9.500000000000000000e+00 1.085850496244277537e+02
9.600000000000001421e+00 1.072311986194995512e+02
9.700000000000001066e+00 1.057018870987652832e+02
9.800000000000000711e+00 1.039910067221581471e+02
9.900000000000000355e+00 1.020924264363886778e+02
1.000000000000000000e+01 1.000000000000000000e+02
