t = 0.050000
x    u(x,t)
0.000000000000000000e+00 0.000000000000000000e+00
1.000000000000000056e-01 4.135013345913688548e-02
2.000000000000000111e-01 8.977272488879046997e-02
3.000000000000000444e-01 1.509241544867810647e-01
4.000000000000000222e-01 2.284875000093020414e-01
5.000000000000000000e-01 3.244718354701779939e-01
6.000000000000000888e-01 4.398247897479490853e-01
7.000000000000000666e-01 5.749443385817656349e-01
8.000000000000000444e-01 7.299829538737754309e-01
9.000000000000000222e-01 9.049949404051718105e-01
1.000000000000000000e+00 1.099998538048988062e+00
1.100000000000000089e+00 1.314999587296088679e+00
1.200000000000000178e+00 1.549999885838620806e+00
1.300000000000000044e+00 1.804999968979988711e+00
1.400000000000000133e+00 2.079999991703415319e+00
1.500000000000000000e+00 2.374999997812018204e+00
1.600000000000000089e+00 2.689999999430212174e+00
1.700000000000000178e+00 3.024999999853292376e+00
1.800000000000000044e+00 3.379999999962612023e+00
1.900000000000000133e+00 3.754999999990560777e+00
2.000000000000000000e+00 4.149999999997636024e+00
2.100000000000000089e+00 4.564999999999414193e+00
2.200000000000000178e+00 4.999999999999857003e+00
2.300000000000000266e+00 5.454999999999965432e+00
2.400000000000000355e+00 5.929999999999989946e+00
2.500000000000000000e+00 6.424999999999994493e+00
2.600000000000000089e+00 6.940000000000001279e+00
2.700000000000000178e+00 7.475000000000003197e+00
2.800000000000000266e+00 8.030000000000002913e+00
2.900000000000000355e+00 8.604999999999998650e+00
3.000000000000000000e+00 9.199999999999997513e+00
3.100000000000000089e+00 9.815000000000004832e+00
3.200000000000000178e+00 1.045000000000000995e+01
3.300000000000000266e+00 1.110500000000000931e+01
3.400000000000000355e+00 1.178000000000000469e+01
3.500000000000000000e+00 1.247499999999999964e+01
3.600000000000000089e+00 1.319000000000000483e+01
3.700000000000000178e+00 1.392500000000000782e+01
3.800000000000000266e+00 1.468000000000000682e+01
3.900000000000000355e+00 1.545500000000000362e+01
4.000000000000000000e+00 1.625000000000000000e+01
4.100000000000000533e+00 1.706500000000000128e+01
4.200000000000000178e+00 1.790000000000000213e+01
4.299999999999999822e+00 1.875500000000000256e+01
4.400000000000000355e+00 1.963000000000000966e+01
4.500000000000000000e+00 2.052500000000000924e+01
4.600000000000000533e+00 2.144000000000001194e+01
4.700000000000000178e+00 2.237500000000000711e+01
4.800000000000000711e+00 2.333000000000000895e+01
4.900000000000000355e+00 2.430500000000000682e+01
5.000000000000000000e+00 2.530000000000000426e+01
5.100000000000000533e+00 2.631500000000001194e+01
5.200000000000000178e+00 2.735000000000000853e+01
5.300000000000000711e+00 2.840500000000001180e+01
5.400000000000000355e+00 2.948000000000000043e+01
5.500000000000000000e+00 3.057500000000000639e+01
5.600000000000000533e+00 3.169000000000001194e+01
5.700000000000000178e+00 3.282500000000000995e+01
5.800000000000000711e+00 3.398000000000001108e+01
5.900000000000000355e+00 3.515500000000000824e+01
6.000000000000000000e+00 3.635000000000000853e+01
6.100000000000000533e+00 3.756500000000001194e+01
6.200000000000000178e+00 3.880000000000001137e+01
6.300000000000000711e+00 4.005500000000001393e+01
6.400000000000000355e+00 4.133000000000000540e+01
6.500000000000000000e+00 4.262500000000000000e+01
6.600000000000000533e+00 4.394000000000000483e+01
6.700000000000000178e+00 4.527500000000000568e+01
6.800000000000000711e+00 4.663000000000000256e+01
6.900000000000000355e+00 4.800499999999999545e+01
7.000000000000000000e+00 4.940000000000000568e+01
7.100000000000000533e+00 5.081500000000001194e+01
7.200000000000000178e+00 5.225000000000001421e+01
7.300000000000000711e+00 5.370500000000002672e+01
7.400000000000000355e+00 5.518000000000000682e+01
7.500000000000000000e+00 5.667499999999999005e+01
7.600000000000000533e+00 5.818999999999991957e+01
7.700000000000000178e+00 5.972499999999962483e+01
7.800000000000000711e+00 6.127999999999840952e+01
7.900000000000000355e+00 6.285499999999353093e+01
8.000000000000000000e+00 6.444999999997398277e+01
8.099999999999999645e+00 6.606499999989614480e+01
8.200000000000001066e+00 6.769999999958872650e+01
8.300000000000000711e+00 6.935499999838619090e+01
8.400000000000000355e+00 7.102999999373230366e+01
8.500000000000000000e+00 7.272499997593214971e+01
8.599999999999999645e+00 7.443999990873751926e+01
8.700000000000001066e+00 7.617499965877988188e+01
8.800000000000000711e+00 7.792999874422480389e+01
8.900000000000000355e+00 7.970499546025693860e+01
9.000000000000000000e+00 8.149998391853883106e+01
9.099999999999999645e+00 8.331494434445686181e+01
9.200000000000001066e+00 8.514981249261153096e+01
9.300000000000000711e+00 8.700438772439939328e+01
9.400000000000000355e+00 8.887807268722738741e+01
9.500000000000000000e+00 9.076919019017188361e+01
9.600000000000001421e+00 9.267336250010231424e+01
9.700000000000001066e+00 9.458016569935458051e+01
9.800000000000000711e+00 9.646749997377665409e+01
9.900000000000000355e+00 9.829485146805046725e+01
1.000000000000000000e+01 1.000000000000000000e+02
