t = 2.700000
x    u(x,t)
0.000000000000000000e+00 0.000000000000000000e+00
1.000000000000000056e-01 5.322927381359094934e-01
2.000000000000000111e-01 1.065556627233808173e+00
3.000000000000000444e-01 1.600759218087738578e+00
4.000000000000000222e-01 2.138860901238736734e+00
5.000000000000000000e-01 2.680811426310340639e+00
6.000000000000000888e-01 3.227546538631325124e+00
7.000000000000000666e-01 3.779984768853545063e+00
8.000000000000000444e-01 4.339024408481777506e+00
9.000000000000000222e-01 4.905540700880351324e+00
1.000000000000000000e+00 5.480383273492511087e+00
1.100000000000000089e+00 6.064373832797715913e+00
1.200000000000000178e+00 6.658304139041627323e+00
1.300000000000000044e+00 7.262934273109987515e+00
1.400000000000000133e+00 7.878991203188214776e+00
1.500000000000000000e+00 8.507167654158404702e+00
1.600000000000000089e+00 9.148121278134530243e+00
1.700000000000000178e+00 9.802474120216103870e+00
1.800000000000000044e+00 1.047081236953230565e+01
1.900000000000000133e+00 1.115368638202052942e+01
2.000000000000000000e+00 1.185161095819083954e+01
2.100000000000000089e+00 1.256506585641099427e+01
2.200000000000000178e+00 1.329449652002946003e+01
2.300000000000000266e+00 1.404031499494679913e+01
2.400000000000000355e+00 1.480290101304271566e+01
2.500000000000000000e+00 1.558260321614868182e+01
2.600000000000000089e+00 1.637974049499255003e+01
2.700000000000000178e+00 1.719460341768976974e+01
2.800000000000000266e+00 1.802745572286440989e+01
2.900000000000000355e+00 1.887853585329290595e+01
3.000000000000000000e+00 1.974805850701103438e+01
3.100000000000000089e+00 2.063621618404209457e+01
3.200000000000000178e+00 2.154318070822301223e+01
3.300000000000000266e+00 2.246910470495624423e+01
3.400000000000000355e+00 2.341412301703196164e+01
3.500000000000000000e+00 2.437835404188376387e+01
3.600000000000000089e+00 2.536190097470214511e+01
3.700000000000000178e+00 2.636485294267993140e+01
3.800000000000000266e+00 2.738728601625547299e+01
3.900000000000000355e+00 2.842926408351143763e+01
4.000000000000000000e+00 2.949083957384896593e+01
4.100000000000000533e+00 3.057205401666222500e+01
4.200000000000000178e+00 3.167293841997495818e+01
4.299999999999999822e+00 3.279351345285961372e+01
4.400000000000000355e+00 3.393378941394806958e+01
4.500000000000000000e+00 3.509376596647501145e+01
4.600000000000000533e+00 3.627343161809637451e+01
4.700000000000000178e+00 3.747276292123521557e+01
4.800000000000000711e+00 3.869172336697627657e+01
4.900000000000000355e+00 3.993026194262208861e+01
5.000000000000000000e+00 4.118831132001640327e+01
5.100000000000000533e+00 4.246578563872573397e+01
5.200000000000000178e+00 4.376257784525459726e+01
5.300000000000000711e+00 4.507855654677391044e+01
5.400000000000000355e+00 4.641356233549916510e+01
5.500000000000000000e+00 4.776740353801314143e+01
5.600000000000000533e+00 4.913985134264233068e+01
5.700000000000000178e+00 5.053063425763482996e+01
5.800000000000000711e+00 5.193943185351942304e+01
5.900000000000000355e+00 5.336586774482415052e+01
6.000000000000000000e+00 5.480950176946630137e+01
6.100000000000000533e+00 5.626982132875378539e+01
6.200000000000000178e+00 5.774623185720557217e+01
6.300000000000000711e+00 5.923804639942616035e+01
6.400000000000000355e+00 6.074447428115089309e+01
6.500000000000000000e+00 6.226460887336849481e+01
6.600000000000000533e+00 6.379741446213585476e+01
6.700000000000000178e+00 6.534171225228647018e+01
6.800000000000000711e+00 6.689616555059825487e+01
6.900000000000000355e+00 6.845926419296536380e+01
7.000000000000000000e+00 7.002930830048158839e+01
7.100000000000000533e+00 7.160439147078818678e+01
7.200000000000000178e+00 7.318238353319850376e+01
7.300000000000000711e+00 7.476091301854472704e+01
7.400000000000000355e+00 7.633734951690142623e+01
7.500000000000000000e+00 7.790878611777289109e+01
7.600000000000000533e+00 7.947202214738763359e+01
7.700000000000000178e+00 8.102354643580149229e+01
7.800000000000000711e+00 8.255952136192892965e+01
7.900000000000000355e+00 8.407576793676884108e+01
8.000000000000000000e+00 8.556775219335928284e+01
8.099999999999999645e+00 8.703057315582384490e+01
8.200000000000001066e+00 8.845895265877203428e+01
8.300000000000000711e+00 8.984722728188536678e+01
8.400000000000000355e+00 9.118934265247180804e+01
8.500000000000000000e+00 9.247885035094337525e+01
8.599999999999999645e+00 9.370890763054852357e+01
8.700000000000001066e+00 9.487228013341281496e+01
8.800000000000000711e+00 9.596134775030662922e+01
8.900000000000000355e+00 9.696811373203401274e+01
9.000000000000000000e+00 9.788421711654314095e+01
9.099999999999999645e+00 9.870094848857029035e+01
9.200000000000001066e+00 9.940926903875023868e+01
9.300000000000000711e+00 9.999983283767788578e+01
9.400000000000000355e+00 1.004630121884910068e+02
9.500000000000000000e+00 1.007889258703291233e+02
9.600000000000001421e+00 1.009674700356928270e+02
9.700000000000001066e+00 1.009883514784582701e+02
9.800000000000000711e+00 1.008411229472202848e+02
9.900000000000000355e+00 1.005152201417909765e+02
1.000000000000000000e+01 1.000000000000000000e+02
