t = 6.240000
x    u(x,t)
0.000000000000000000e+00 0.000000000000000000e+00
1.000000000000000056e-01 1.022514759127058248e+00
2.000000000000000111e-01 2.045663552053278877e+00
3.000000000000000444e-01 3.070079274730168173e+00
4.000000000000000222e-01 4.096392550381334985e+00
5.000000000000000000e-01 5.125230600499104838e+00
6.000000000000000888e-01 6.157216124512034483e+00
7.000000000000000666e-01 7.192966190745491595e+00
8.000000000000000444e-01 8.233091141070705277e+00
9.000000000000000222e-01 9.278193511357809342e+00
1.000000000000000000e+00 1.032886696951823780e+01
1.100000000000000089e+00 1.138569527254380986e+01
1.200000000000000178e+00 1.244925124352764989e+01
1.300000000000000044e+00 1.352009576918941214e+01
1.400000000000000133e+00 1.459877681792784720e+01
1.500000000000000000e+00 1.568582847789272527e+01
1.600000000000000089e+00 1.678177001400966262e+01
1.700000000000000178e+00 1.788710494231075998e+01
1.800000000000000044e+00 1.900232011932699550e+01
1.900000000000000133e+00 2.012788484368954656e+01
2.000000000000000000e+00 2.126424996647364196e+01
2.100000000000000089e+00 2.241184700620559411e+01
2.200000000000000178e+00 2.357108726384693753e+01
2.300000000000000266e+00 2.474236093247685275e+01
2.400000000000000355e+00 2.592603619581984020e+01
2.500000000000000000e+00 2.712245830921793299e+01
2.600000000000000089e+00 2.833194865613121394e+01
2.700000000000000178e+00 2.955480377277369186e+01
2.800000000000000266e+00 3.079129433306068364e+01
2.900000000000000355e+00 3.204166408566420898e+01
3.000000000000000000e+00 3.330612873465226187e+01
3.100000000000000089e+00 3.458487475493134156e+01
3.200000000000000178e+00 3.587805813352605355e+01
3.300000000000000266e+00 3.718580302762118350e+01
3.400000000000000355e+00 3.850820033026488431e+01
3.500000000000000000e+00 3.984530613469396343e+01
3.600000000000000089e+00 4.119714008839719810e+01
3.700000000000000178e+00 4.256368362828573737e+01
3.800000000000000266e+00 4.394487808869548928e+01
3.900000000000000355e+00 4.534062267440769034e+01
4.000000000000000000e+00 4.675077229144534385e+01
4.100000000000000533e+00 4.817513522908620160e+01
4.200000000000000178e+00 4.961347068733044097e+01
4.299999999999999822e+00 5.106548614497227589e+01
4.400000000000000355e+00 5.253083456445170896e+01
4.500000000000000000e+00 5.400911143080301713e+01
4.600000000000000533e+00 5.549985162326875354e+01
4.700000000000000178e+00 5.700252611950828907e+01
4.800000000000000711e+00 5.851653853379494308e+01
4.900000000000000355e+00 6.004122149215835691e+01
5.000000000000000000e+00 6.157583284908235299e+01
5.100000000000000533e+00 6.311955175210407987e+01
5.200000000000000178e+00 6.467147456246877368e+01
5.300000000000000711e+00 6.623061064186231306e+01
5.400000000000000355e+00 6.779587801715992157e+01
5.500000000000000000e+00 6.936609893707777985e+01
5.600000000000000533e+00 7.093999533658040946e+01
5.700000000000000178e+00 7.251618422686144072e+01
5.800000000000000711e+00 7.409317303066275429e+01
5.900000000000000355e+00 7.566935488460399029e+01
6.000000000000000000e+00 7.724300393204474346e+01
6.100000000000000533e+00 7.881227063177021819e+01
6.200000000000000178e+00 8.037517710945812155e+01
6.300000000000000711e+00 8.192961258042691952e+01
6.400000000000000355e+00 8.347332887356181175e+01
6.500000000000000000e+00 8.500393608754211527e+01
6.600000000000000533e+00 8.651889841152964777e+01
6.700000000000000178e+00 8.801553014330488622e+01
6.800000000000000711e+00 8.949099193843073863e+01
6.900000000000000355e+00 9.094228732437034068e+01
7.000000000000000000e+00 9.236625951356427322e+01
7.100000000000000533e+00 9.375958854927139896e+01
7.200000000000000178e+00 9.511878881748489789e+01
7.300000000000000711e+00 9.644020695743803628e+01
7.400000000000000355e+00 9.772002020211033368e+01
7.500000000000000000e+00 9.895423517872778518e+01
7.600000000000000533e+00 1.001386871975199142e+02
7.700000000000000178e+00 1.012690400549592056e+02
7.800000000000000711e+00 1.023407863753651981e+02
7.900000000000000355e+00 1.033492485121235234e+02
8.000000000000000000e+00 1.042895800268590563e+02
8.099999999999999645e+00 1.051567677617320413e+02
8.200000000000001066e+00 1.059456345166186964e+02
8.300000000000000711e+00 1.066508423393169664e+02
8.400000000000000355e+00 1.072668964331130468e+02
8.500000000000000000e+00 1.077881496820863276e+02
8.599999999999999645e+00 1.082088077904539176e+02
8.700000000000001066e+00 1.085229350280960148e+02
8.800000000000000711e+00 1.087244605702002929e+02
8.900000000000000355e+00 1.088071854147552955e+02
9.000000000000000000e+00 1.087647898574514045e+02
9.099999999999999645e+00 1.085908414994553368e+02
9.200000000000001066e+00 1.082788037595498452e+02
9.300000000000000711e+00 1.078220448583172271e+02
9.400000000000000355e+00 1.072138472384323507e+02
9.500000000000000000e+00 1.064474173817560683e+02
9.600000000000001421e+00 1.055158959808204600e+02
9.700000000000001066e+00 1.044123684195059241e+02
9.800000000000000711e+00 1.031298755152569129e+02
9.900000000000000355e+00 1.016614244730962469e+02
1.000000000000000000e+01 1.000000000000000000e+02
