t = 3.170000
x    u(x,t)
0.000000000000000000e+00 0.000000000000000000e+00
1.000000000000000056e-01 6.011934171778505753e-01
2.000000000000000111e-01 1.203283102137622240e+00
3.000000000000000444e-01 1.807162492788318309e+00
4.000000000000000222e-01 2.413719394094548498e+00
5.000000000000000000e-01 3.023833228181905142e+00
6.000000000000000888e-01 3.638372363151866296e+00
7.000000000000000666e-01 4.258191544897823810e+00
8.000000000000000444e-01 4.884129454601298548e+00
9.000000000000000222e-01 5.517006412638020052e+00
1.000000000000000000e+00 6.157622247378742308e+00
1.100000000000000089e+00 6.806754344876271290e+00
1.200000000000000178e+00 7.465155892739408827e+00
1.300000000000000044e+00 8.133554328660522970e+00
1.400000000000000133e+00 8.812650001141234313e+00
1.500000000000000000e+00 9.503115047005877614e+00
1.600000000000000089e+00 1.020559248735832547e+01
1.700000000000000178e+00 1.092069554077511562e+01
1.800000000000000044e+00 1.164900714978342755e+01
1.900000000000000133e+00 1.239107971408695796e+01
2.000000000000000000e+00 1.314743502161184097e+01
2.100000000000000089e+00 1.391856436627622351e+01
2.200000000000000178e+00 1.470492883946159601e+01
2.300000000000000266e+00 1.550695978049531654e+01
2.400000000000000355e+00 1.632505937004651386e+01
2.500000000000000000e+00 1.715960134919055236e+01
2.600000000000000089e+00 1.801093184600053831e+01
2.700000000000000178e+00 1.887937029086285889e+01
2.800000000000000266e+00 1.976521040126504758e+01
2.900000000000000355e+00 2.066872121654182237e+01
3.000000000000000000e+00 2.159014816295830741e+01
3.100000000000000089e+00 2.252971412952320307e+01
3.200000000000000178e+00 2.348762053502400349e+01
3.300000000000000266e+00 2.446404836692282103e+01
3.400000000000000355e+00 2.545915917290878738e+01
3.500000000000000000e+00 2.647309598603525416e+01
3.600000000000000089e+00 2.750598416444355721e+01
3.700000000000000178e+00 2.855793212665966863e+01
3.800000000000000266e+00 2.962903196332021594e+01
3.900000000000000355e+00 3.071935990591830645e+01
4.000000000000000000e+00 3.182897663274471611e+01
4.100000000000000533e+00 3.295792739162636309e+01
4.200000000000000178e+00 3.410624191833340291e+01
4.299999999999999822e+00 3.527393412864518041e+01
4.400000000000000355e+00 3.646100156105136136e+01
4.500000000000000000e+00 3.766742454594300682e+01
4.600000000000000533e+00 3.889316507595376038e+01
4.700000000000000178e+00 4.013816535088809445e+01
4.800000000000000711e+00 4.140234596947550472e+01
4.900000000000000355e+00 4.268560373907747163e+01
5.000000000000000000e+00 4.398780907352030312e+01
5.100000000000000533e+00 4.530880294850830126e+01
5.200000000000000178e+00 4.664839338367399080e+01
5.300000000000000711e+00 4.800635142033406311e+01
5.400000000000000355e+00 4.938240656453602639e+01
5.500000000000000000e+00 5.077624166609491851e+01
5.600000000000000533e+00 5.218748720612679648e+01
5.700000000000000178e+00 5.361571496817669669e+01
5.800000000000000711e+00 5.506043107149707794e+01
5.900000000000000355e+00 5.652106834943393210e+01
6.000000000000000000e+00 5.799697806128379085e+01
6.100000000000000533e+00 5.948742093244100460e+01
6.200000000000000178e+00 6.099155752518792895e+01
6.300000000000000711e+00 6.250843795109199874e+01
6.400000000000000355e+00 6.403699094564277061e+01
6.500000000000000000e+00 6.557601233643298144e+01
6.600000000000000533e+00 6.712415294777878216e+01
6.700000000000000178e+00 6.867990599706760690e+01
6.800000000000000711e+00 7.024159405116574817e+01
6.900000000000000355e+00 7.180735562472601430e+01
7.000000000000000000e+00 7.337513151599134176e+01
7.100000000000000533e+00 7.494265098943884595e+01
7.200000000000000178e+00 7.650741792807662023e+01
7.300000000000000711e+00 7.806669709108543032e+01
7.400000000000000355e+00 7.961750062447300991e+01
7.500000000000000000e+00 8.115657498314386942e+01
7.600000000000000533e+00 8.268038843194941023e+01
7.700000000000000178e+00 8.418511930053779224e+01
7.800000000000000711e+00 8.566664517185377292e+01
7.900000000000000355e+00 8.712053318665252277e+01
8.000000000000000000e+00 8.854203164612441412e+01
8.099999999999999645e+00 8.992606309146675869e+01
8.200000000000001066e+00 9.126721903281210757e+01
8.300000000000000711e+00 9.255975649023167762e+01
8.400000000000000355e+00 9.379759649653442466e+01
8.500000000000000000e+00 9.497432469531472066e+01
8.599999999999999645e+00 9.608319414827911942e+01
8.700000000000001066e+00 9.711713044349390600e+01
8.800000000000000711e+00 9.806873917111269634e+01
8.900000000000000355e+00 9.893031580571533823e+01
9.000000000000000000e+00 9.969385800502946893e+01
9.099999999999999645e+00 1.003510803040016128e+02
9.200000000000001066e+00 1.008934311514664017e+02
9.300000000000000711e+00 1.013121122046110685e+02
9.400000000000000355e+00 1.015980997646562258e+02
9.500000000000000000e+00 1.017421682062914527e+02
9.600000000000001421e+00 1.017349152240428225e+02
9.700000000000001066e+00 1.015667886915068152e+02
9.800000000000000711e+00 1.012281149048381224e+02
9.900000000000000355e+00 1.007091279605459135e+02
1.000000000000000000e+01 1.000000000000000000e+02
