t = 3.160000
x    u(x,t)
0.000000000000000000e+00 0.000000000000000000e+00
1.000000000000000056e-01 5.997450470909149178e-01
2.000000000000000111e-01 1.200387779139601596e+00
3.000000000000000444e-01 1.802823037794561767e+00
4.000000000000000222e-01 2.407940005100991598e+00
5.000000000000000000e-01 3.016619440806509012e+00
6.000000000000000888e-01 3.629730998999193048e+00
7.000000000000000666e-01 4.248130648555921596e+00
8.000000000000000444e-01 4.872658220249037164e+00
9.000000000000000222e-01 5.504135101389232787e+00
1.000000000000000000e+00 6.143362096614145784e+00
1.100000000000000089e+00 6.791117470913040854e+00
1.200000000000000178e+00 7.448155188260106030e+00
1.300000000000000044e+00 8.115203356367040044e+00
1.400000000000000133e+00 8.792962885115690241e+00
1.500000000000000000e+00 9.482106363249748426e+00
1.600000000000000089e+00 1.018327715494499230e+01
1.700000000000000178e+00 1.089708871499153453e+01
1.800000000000000044e+00 1.162412411855651406e+01
1.900000000000000133e+00 1.236493579889255834e+01
2.000000000000000000e+00 1.312004548395229797e+01
2.100000000000000089e+00 1.388994432069031859e+01
2.200000000000000178e+00 1.467509317390176804e+01
2.300000000000000266e+00 1.547592308477546830e+01
2.400000000000000355e+00 1.629283587293327429e+01
2.500000000000000000e+00 1.712620486458487079e+01
2.600000000000000089e+00 1.797637572853869870e+01
2.700000000000000178e+00 1.884366740115888561e+01
2.800000000000000266e+00 1.972837308092315922e+01
2.900000000000000355e+00 2.063076127298954532e+01
3.000000000000000000e+00 2.155107686409021284e+01
3.100000000000000089e+00 2.248954220810266591e+01
3.200000000000000178e+00 2.344635820276652183e+01
3.300000000000000266e+00 2.442170533817920131e+01
3.400000000000000355e+00 2.541574469787928336e+01
3.500000000000000000e+00 2.642861889347538806e+01
3.600000000000000089e+00 2.746045291386707277e+01
3.700000000000000178e+00 2.851135487010201075e+01
3.800000000000000266e+00 2.958141661679403356e+01
3.900000000000000355e+00 3.067071423076805203e+01
4.000000000000000000e+00 3.177930832718696408e+01
4.100000000000000533e+00 3.290724419284188684e+01
4.200000000000000178e+00 3.405455171555286853e+01
4.299999999999999822e+00 3.522124508773759999e+01
4.400000000000000355e+00 3.640732226117898307e+01
4.500000000000000000e+00 3.761276412888362586e+01
4.600000000000000533e+00 3.883753340870634929e+01
4.700000000000000178e+00 4.008157320216633224e+01
4.800000000000000711e+00 4.134480520065072540e+01
4.900000000000000355e+00 4.262712751005469158e+01
5.000000000000000000e+00 4.392841206391364040e+01
5.100000000000000533e+00 4.524850159432219954e+01
5.200000000000000178e+00 4.658720612949198170e+01
5.300000000000000711e+00 4.794429898676502688e+01
5.400000000000000355e+00 4.931951223036848830e+01
5.500000000000000000e+00 5.071253156426336517e+01
5.600000000000000533e+00 5.212299063220161344e+01
5.700000000000000178e+00 5.355046469965486722e+01
5.800000000000000711e+00 5.499446369569813697e+01
5.900000000000000355e+00 5.645442459730218587e+01
6.000000000000000000e+00 5.792970314387083164e+01
6.100000000000000533e+00 5.941956487630242378e+01
6.200000000000000178e+00 6.092317550238606572e+01
6.300000000000000711e+00 6.243959059896654651e+01
6.400000000000000355e+00 6.396774467100627959e+01
6.500000000000000000e+00 6.550643959838609476e+01
6.600000000000000533e+00 6.705433251293601415e+01
6.700000000000000178e+00 6.860992316065633645e+01
6.800000000000000711e+00 7.017154081722569003e+01
6.900000000000000355e+00 7.173733083851111303e+01
7.000000000000000000e+00 7.330524094167586213e+01
7.100000000000000533e+00 7.487300732636903433e+01
7.200000000000000178e+00 7.643814075910056260e+01
7.300000000000000711e+00 7.799791275694632020e+01
7.400000000000000355e+00 7.954934201886928236e+01
7.500000000000000000e+00 8.108918126384814684e+01
7.600000000000000533e+00 8.261390464433200975e+01
7.700000000000000178e+00 8.411969591095468957e+01
7.800000000000000711e+00 8.560243750962071374e+01
7.900000000000000355e+00 8.705770079471967904e+01
8.000000000000000000e+00 8.848073754206933472e+01
8.099999999999999645e+00 8.986647294200864167e+01
8.200000000000001066e+00 9.120950024669072320e+01
8.300000000000000711e+00 9.250407723595252207e+01
8.400000000000000355e+00 9.374412465312292397e+01
8.500000000000000000e+00 9.492322674580732667e+01
8.599999999999999645e+00 9.603463402716793951e+01
8.700000000000001066e+00 9.707126835069499293e+01
8.800000000000000711e+00 9.802573036620738378e+01
8.900000000000000355e+00 9.889030939718401214e+01
9.000000000000000000e+00 9.965699574992575549e+01
9.099999999999999645e+00 1.003174954339738747e+02
9.200000000000001066e+00 1.008632472412032826e+02
9.300000000000000711e+00 1.012854420986514725e+02
9.400000000000000355e+00 1.015750445780562927e+02
9.500000000000000000e+00 1.017228164138806648e+02
9.600000000000001421e+00 1.017193418519376849e+02
9.700000000000001066e+00 1.015550546232001778e+02
9.800000000000000711e+00 1.012202663125679720e+02
9.900000000000000355e+00 1.007051958708037773e+02
1.000000000000000000e+01 1.000000000000000000e+02
