t = 3.060000
x    u(x,t)
0.000000000000000000e+00 0.000000000000000000e+00
1.000000000000000056e-01 5.852217458765250901e-01
2.000000000000000111e-01 1.171355728036531874e+00
3.000000000000000444e-01 1.759311198988854796e+00
4.000000000000000222e-01 2.349991472981518115e+00
5.000000000000000000e-01 2.944291029611023625e+00
6.000000000000000888e-01 3.543092703381987896e+00
7.000000000000000666e-01 4.147264985670961579e+00
8.000000000000000444e-01 4.757659463729869032e+00
9.000000000000000222e-01 5.375108419169244200e+00
1.000000000000000000e+00 6.000422605837969492e+00
1.100000000000000089e+00 6.634389224219279235e+00
1.200000000000000178e+00 7.277770106452097210e+00
1.300000000000000044e+00 7.931300122925424745e+00
1.400000000000000133e+00 8.595685818145211599e+00
1.500000000000000000e+00 9.271604280302447876e+00
1.600000000000000089e+00 9.959702245739146420e+00
1.700000000000000178e+00 1.066059543637391371e+01
1.800000000000000044e+00 1.137486812516384127e+01
1.900000000000000133e+00 1.210307292189056128e+01
2.000000000000000000e+00 1.284573076900521471e+01
2.100000000000000089e+00 1.360333113498030322e+01
2.200000000000000178e+00 1.437633239061807267e+01
2.300000000000000266e+00 1.516516235206895580e+01
2.400000000000000355e+00 1.597021897292354886e+01
2.500000000000000000e+00 1.679187116665353230e+01
2.600000000000000089e+00 1.763045973987825832e+01
2.700000000000000178e+00 1.848629841640453009e+01
2.800000000000000266e+00 1.935967493170046794e+01
2.900000000000000355e+00 2.025085217738789112e+01
3.000000000000000000e+00 2.116006937543477306e+01
3.100000000000000089e+00 2.208754326195920825e+01
3.200000000000000178e+00 2.303346926087645130e+01
3.300000000000000266e+00 2.399802262798804264e+01
3.400000000000000355e+00 2.498135954648198265e+01
3.500000000000000000e+00 2.598361815514534356e+01
3.600000000000000089e+00 2.700491949084477028e+01
3.700000000000000178e+00 2.804536832697090531e+01
3.800000000000000266e+00 2.910505388953913553e+01
3.900000000000000355e+00 3.018405043246465169e+01
4.000000000000000000e+00 3.128241765316748868e+01
4.100000000000000533e+00 3.240020092909944793e+01
4.200000000000000178e+00 3.353743135501792239e+01
4.299999999999999822e+00 3.469412555986471602e+01
4.400000000000000355e+00 3.587028528095732582e+01
4.500000000000000000e+00 3.706589667188863046e+01
4.600000000000000533e+00 3.828092931909283436e+01
4.700000000000000178e+00 3.951533494051531648e+01
4.800000000000000711e+00 4.076904573827635403e+01
4.900000000000000355e+00 4.204197237570797085e+01
5.000000000000000000e+00 4.333400154774427193e+01
5.100000000000000533e+00 4.464499311244156843e+01
5.200000000000000178e+00 4.597477675048836687e+01
5.300000000000000711e+00 4.732314811903432883e+01
5.400000000000000355e+00 4.868986446612741048e+01
5.500000000000000000e+00 5.007463967260582649e+01
5.600000000000000533e+00 5.147713868955664651e+01
5.700000000000000178e+00 5.289697134153200864e+01
5.800000000000000711e+00 5.433368546870964622e+01
5.900000000000000355e+00 5.578675938519145205e+01
6.000000000000000000e+00 5.725559363573460558e+01
6.100000000000000533e+00 5.873950203946968429e+01
6.200000000000000178e+00 6.023770201662780011e+01
6.300000000000000711e+00 6.174930420299369871e+01
6.400000000000000355e+00 6.327330136672113525e+01
6.500000000000000000e+00 6.480855665325131554e+01
6.600000000000000533e+00 6.635379119629294564e+01
6.700000000000000178e+00 6.790757114604487299e+01
6.800000000000000711e+00 6.946829417991807532e+01
6.900000000000000355e+00 7.103417557575549779e+01
7.000000000000000000e+00 7.260323394272577957e+01
7.100000000000000533e+00 7.417327672041362518e+01
7.200000000000000178e+00 7.574188557184190529e+01
7.300000000000000711e+00 7.730640181090585372e+01
7.400000000000000355e+00 7.886391201861768252e+01
7.500000000000000000e+00 8.041123401527613623e+01
7.600000000000000533e+00 8.194490336680119924e+01
7.700000000000000178e+00 8.346116061262523544e+01
7.800000000000000711e+00 8.495593940933225952e+01
7.900000000000000355e+00 8.642485578833498039e+01
8.000000000000000000e+00 8.786319872695413835e+01
8.099999999999999645e+00 8.926592223004531945e+01
8.200000000000001066e+00 9.062763911358514690e+01
8.300000000000000711e+00 9.194261667223513257e+01
8.400000000000000355e+00 9.320477439977118195e+01
8.500000000000000000e+00 9.440768391441085328e+01
8.599999999999999645e+00 9.554457122059126561e+01
8.700000000000001066e+00 9.660832141483443536e+01
8.800000000000000711e+00 9.759148591627317160e+01
8.900000000000000355e+00 9.848629227257181640e+01
9.000000000000000000e+00 9.928465655982304838e+01
9.099999999999999645e+00 9.997819836107224489e+01
9.200000000000001066e+00 1.005582582730179269e+02
9.300000000000000711e+00 1.010159178548179995e+02
9.400000000000000355e+00 1.013420218974919891e+02
9.500000000000000000e+00 1.015272028578617807e+02
9.600000000000001421e+00 1.015619072680400592e+02
9.700000000000001066e+00 1.014364239008508974e+02
9.800000000000000711e+00 1.011409134439193167e+02
9.900000000000000355e+00 1.006654394111030655e+02
1.000000000000000000e+01 1.000000000000000000e+02
