t = 9.470000
x    u(x,t)
0.000000000000000000e+00 0.000000000000000000e+00
1.000000000000000056e-01 1.433889456389199069e+00
2.000000000000000111e-01 2.868238954759571246e+00
3.000000000000000444e-01 4.303507401902970209e+00
4.000000000000000222e-01 5.740151432664040598e+00
5.000000000000000000e-01 7.178624270038399757e+00
6.000000000000000888e-01 8.619374580538073261e+00
7.000000000000000666e-01 1.006284532321569358e+01
8.000000000000000444e-01 1.150947259071347517e+01
9.000000000000000222e-01 1.295968444067230685e+01
1.000000000000000000e+00 1.441389971580158402e+01
1.100000000000000089e+00 1.587252685087211646e+01
1.200000000000000178e+00 1.733596266485419335e+01
1.300000000000000044e+00 1.880459113638162805e+01
1.400000000000000133e+00 2.027878216068176087e+01
1.500000000000000000e+00 2.175889028607259945e+01
1.600000000000000089e+00 2.324525342809295836e+01
1.700000000000000178e+00 2.473819155930108238e+01
1.800000000000000044e+00 2.623800537275410960e+01
1.900000000000000133e+00 2.774497491716585884e+01
2.000000000000000000e+00 2.925935820173607027e+01
2.100000000000000089e+00 3.078138976865238874e+01
2.200000000000000178e+00 3.231127923128769908e+01
2.300000000000000266e+00 3.384920977615364990e+01
2.400000000000000355e+00 3.539533662672553049e+01
2.500000000000000000e+00 3.694978546732821201e+01
2.600000000000000089e+00 3.851265082536715312e+01
2.700000000000000178e+00 4.008399441030513088e+01
2.800000000000000266e+00 4.166384340792576069e+01
2.900000000000000355e+00 4.325218872858820163e+01
3.000000000000000000e+00 4.484898320836807528e+01
3.100000000000000089e+00 4.645413976219522567e+01
3.200000000000000178e+00 4.806752948834115813e+01
3.300000000000000266e+00 4.968897972387951256e+01
3.400000000000000355e+00 5.131827205103871847e+01
3.500000000000000000e+00 5.295514025469054076e+01
3.600000000000000089e+00 5.459926823156823161e+01
3.700000000000000178e+00 5.625028785218422200e+01
3.800000000000000266e+00 5.790777677681870728e+01
3.900000000000000355e+00 5.957125622737462578e+01
4.000000000000000000e+00 6.124018871734151759e+01
4.100000000000000533e+00 6.291397574257727143e+01
4.200000000000000178e+00 6.459195543610201184e+01
4.299999999999999822e+00 6.627340019059798237e+01
4.400000000000000355e+00 6.795751425282236369e+01
4.500000000000000000e+00 6.964343129466294613e+01
4.600000000000000533e+00 7.133021196609537640e+01
4.700000000000000178e+00 7.301684143583253217e+01
4.800000000000000711e+00 7.470222692598809999e+01
4.900000000000000355e+00 7.638519524760232571e+01
5.000000000000000000e+00 7.806449034439582135e+01
5.100000000000000533e+00 7.973877085262060405e+01
5.200000000000000178e+00 8.140660768536525893e+01
5.300000000000000711e+00 8.306648165013422158e+01
5.400000000000000355e+00 8.471678110896007752e+01
5.500000000000000000e+00 8.635579969071351059e+01
5.600000000000000533e+00 8.798173406564697530e+01
5.700000000000000178e+00 8.959268179253831477e+01
5.800000000000000711e+00 9.118663924908737783e+01
5.900000000000000355e+00 9.276149965645544171e+01
6.000000000000000000e+00 9.431505120902251349e+01
6.100000000000000533e+00 9.584497532056582259e+01
6.200000000000000178e+00 9.734884499813111347e+01
6.300000000000000711e+00 9.882412335487387622e+01
6.400000000000000355e+00 1.002681622730872135e+02
6.500000000000000000e+00 1.016782012285043209e+02
6.600000000000000533e+00 1.030513662867646616e+02
6.700000000000000178e+00 1.043846692826629976e+02
6.800000000000000711e+00 1.056750071924568317e+02
6.900000000000000355e+00 1.069191617090923927e+02
7.000000000000000000e+00 1.081137990297202407e+02
7.100000000000000533e+00 1.092554698643104985e+02
7.200000000000000178e+00 1.103406096735461404e+02
7.300000000000000711e+00 1.113655391434716790e+02
7.400000000000000355e+00 1.123264649036063076e+02
7.500000000000000000e+00 1.132194804944009690e+02
7.600000000000000533e+00 1.140405675890257129e+02
7.700000000000000178e+00 1.147855974735288953e+02
7.800000000000000711e+00 1.154503327884100514e+02
7.900000000000000355e+00 1.160304295336060534e+02
8.000000000000000000e+00 1.165214393378050204e+02
8.099999999999999645e+00 1.169188119918857609e+02
8.200000000000001066e+00 1.172178982451352169e+02
8.300000000000000711e+00 1.174139528617305643e+02
8.400000000000000355e+00 1.175021379337948275e+02
8.500000000000000000e+00 1.174775264461494970e+02
8.599999999999999645e+00 1.173351060867070146e+02
8.700000000000001066e+00 1.170697832952720461e+02
8.800000000000000711e+00 1.166763875423673511e+02
8.900000000000000355e+00 1.161496758285695421e+02
9.000000000000000000e+00 1.154843373937457045e+02
9.099999999999999645e+00 1.146749986245264097e+02
9.200000000000001066e+00 1.137162281473447933e+02
9.300000000000000711e+00 1.126025420934213059e+02
9.400000000000000355e+00 1.113284095211852787e+02
9.500000000000000000e+00 1.098882579808056761e+02
9.600000000000001421e+00 1.082764792047600508e+02
9.700000000000001066e+00 1.064874349077065006e+02
9.800000000000000711e+00 1.045154626783452869e+02
9.900000000000000355e+00 1.023548819454683780e+02
1.000000000000000000e+01 1.000000000000000000e+02
