t = 6.100000
x    u(x,t)
0.000000000000000000e+00 0.000000000000000000e+00
1.000000000000000056e-01 1.004049145799306597e+00
2.000000000000000111e-01 2.008740364434328907e+00
3.000000000000000444e-01 3.014714568707824061e+00
4.000000000000000222e-01 4.022610354742045757e+00
5.000000000000000000e-01 5.033062852040437463e+00
6.000000000000000888e-01 6.046702583459730995e+00
7.000000000000000666e-01 7.064154338110983034e+00
8.000000000000000444e-01 8.086036059967065981e+00
9.000000000000000222e-01 9.112957754656678233e+00
1.000000000000000000e+00 1.014552041657392500e+01
1.100000000000000089e+00 1.118431497803076269e+01
1.200000000000000178e+00 1.222992128173045678e+01
1.300000000000000044e+00 1.328290707734831777e+01
1.400000000000000133e+00 1.434382704247439833e+01
1.500000000000000000e+00 1.541322182760769088e+01
1.600000000000000089e+00 1.649161712429655680e+01
1.700000000000000178e+00 1.757952275490119476e+01
1.800000000000000044e+00 1.867743178181717667e+01
1.900000000000000133e+00 1.978581963334894311e+01
2.000000000000000000e+00 2.090514324276607638e+01
2.100000000000000089e+00 2.203584019641831304e+01
2.200000000000000178e+00 2.317832788613424455e+01
2.300000000000000266e+00 2.433300266049051430e+01
2.400000000000000355e+00 2.550023896891836372e+01
2.500000000000000000e+00 2.668038849202061868e+01
2.600000000000000089e+00 2.787377925091041320e+01
2.700000000000000178e+00 2.908071468785989921e+01
2.800000000000000266e+00 3.030147271007046683e+01
2.900000000000000355e+00 3.153630468795032371e+01
3.000000000000000000e+00 3.278543439892010980e+01
3.100000000000000089e+00 3.404905690746619484e+01
3.200000000000000178e+00 3.532733737193294843e+01
3.300000000000000266e+00 3.662040976839524831e+01
3.400000000000000355e+00 3.792837552188588290e+01
3.500000000000000000e+00 3.925130203527729122e+01
3.600000000000000089e+00 4.058922110623681334e+01
3.700000000000000178e+00 4.194212722289577755e+01
3.800000000000000266e+00 4.330997572919979888e+01
3.900000000000000355e+00 4.469268085134473267e+01
4.000000000000000000e+00 4.609011357725390212e+01
4.100000000000000533e+00 4.750209938172072555e+01
4.200000000000000178e+00 4.892841579062928759e+01
4.299999999999999822e+00 5.036878977857425355e+01
4.400000000000000355e+00 5.182289499523291454e+01
4.500000000000000000e+00 5.329034881699534054e+01
4.600000000000000533e+00 5.477070922163134981e+01
4.700000000000000178e+00 5.626347148516344276e+01
4.800000000000000711e+00 5.776806470161901075e+01
4.900000000000000355e+00 5.928384812794726599e+01
5.000000000000000000e+00 6.081010735809950063e+01
5.100000000000000533e+00 6.234605033207759561e+01
5.200000000000000178e+00 6.389080318764492716e+01
5.300000000000000711e+00 6.544340596435455382e+01
5.400000000000000355e+00 6.700280817156746593e+01
5.500000000000000000e+00 6.856786423419663379e+01
5.600000000000000533e+00 7.013732883200009383e+01
5.700000000000000178e+00 7.170985215034551175e+01
5.800000000000000711e+00 7.328397506245467241e+01
5.900000000000000355e+00 7.485812426519348151e+01
6.000000000000000000e+00 7.643060739247576407e+01
6.100000000000000533e+00 7.799960813227741596e+01
6.200000000000000178e+00 7.956318137508601751e+01
6.300000000000000711e+00 8.111924842331569607e+01
6.400000000000000355e+00 8.266559229277548582e+01
6.500000000000000000e+00 8.419985313866537524e+01
6.600000000000000533e+00 8.571952383976450562e+01
6.700000000000000178e+00 8.722194577544811978e+01
6.800000000000000711e+00 8.870430483090046891e+01
6.900000000000000355e+00 9.016362766636048320e+01
7.000000000000000000e+00 9.159677828642563213e+01
7.100000000000000533e+00 9.300045494533137003e+01
7.200000000000000178e+00 9.437118742370378754e+01
7.300000000000000711e+00 9.570533471153889593e+01
7.400000000000000355e+00 9.699908313108846869e+01
7.500000000000000000e+00 9.824844493191984895e+01
7.600000000000000533e+00 9.944925738866777465e+01
7.700000000000000178e+00 1.005971824299107737e+02
7.800000000000000711e+00 1.016877068241894904e+02
7.900000000000000355e+00 1.027161429464499776e+02
8.000000000000000000e+00 1.036776301451565558e+02
8.099999999999999645e+00 1.045671367269932972e+02
8.200000000000001066e+00 1.053794625724857639e+02
8.300000000000000711e+00 1.061092423920488415e+02
8.400000000000000355e+00 1.067509496279351140e+02
8.500000000000000000e+00 1.072989010033520287e+02
8.599999999999999645e+00 1.077472617156762595e+02
8.700000000000001066e+00 1.080900512662532975e+02
8.800000000000000711e+00 1.083211499147766830e+02
8.900000000000000355e+00 1.084343057417348177e+02
9.000000000000000000e+00 1.084231422979380426e+02
9.099999999999999645e+00 1.082811668157436173e+02
9.200000000000001066e+00 1.080017789523214304e+02
9.300000000000000711e+00 1.075782800311984602e+02
9.400000000000000355e+00 1.070038827444257237e+02
9.500000000000000000e+00 1.062717212740720782e+02
9.600000000000001421e+00 1.053748617884024981e+02
9.700000000000001066e+00 1.043063132650837304e+02
9.800000000000000711e+00 1.030590385911083189e+02
9.900000000000000355e+00 1.016259658868717679e+02
1.000000000000000000e+01 1.000000000000000000e+02
