t = 5.660000
x    u(x,t)
0.000000000000000000e+00 0.000000000000000000e+00
1.000000000000000056e-01 9.456384719053337884e-01
2.000000000000000111e-01 1.891945462473775930e+00
3.000000000000000444e-01 2.839588240090601179e+00
4.000000000000000222e-01 3.789231577463083589e+00
5.000000000000000000e-01 4.741536515901021431e+00
6.000000000000000888e-01 5.697159143932364778e+00
7.000000000000000666e-01 6.656749394687069277e+00
8.000000000000000444e-01 7.620949866190352751e+00
9.000000000000000222e-01 8.590394668346428730e+00
1.000000000000000000e+00 9.565708299968790129e+00
1.100000000000000089e+00 1.054750455872698645e+01
1.200000000000000178e+00 1.153638548633644945e+01
1.300000000000000044e+00 1.253294035072283563e+01
1.400000000000000133e+00 1.353774466624949468e+01
1.500000000000000000e+00 1.455135925241284767e+01
1.600000000000000089e+00 1.557432933069053860e+01
1.700000000000000178e+00 1.660718365847773370e+01
1.800000000000000044e+00 1.765043369827454001e+01
1.900000000000000133e+00 1.870457281949790129e+01
2.000000000000000000e+00 1.977007552949219971e+01
2.100000000000000089e+00 2.084739672951049627e+01
2.200000000000000178e+00 2.193697099063932754e+01
2.300000000000000266e+00 2.303921184385247045e+01
2.400000000000000355e+00 2.415451107760855720e+01
2.500000000000000000e+00 2.528323803566219397e+01
2.600000000000000089e+00 2.642573890704447948e+01
2.700000000000000178e+00 2.758233599949410220e+01
2.800000000000000266e+00 2.875332698699140366e+01
2.900000000000000355e+00 2.993898412147132859e+01
3.000000000000000000e+00 3.113955339827565538e+01
3.100000000000000089e+00 3.235525366445520490e+01
3.200000000000000178e+00 3.358627565865770492e+01
3.300000000000000266e+00 3.483278097104291504e+01
3.400000000000000355e+00 3.609490091145919166e+01
3.500000000000000000e+00 3.737273527400467543e+01
3.600000000000000089e+00 3.866635098608499987e+01
3.700000000000000178e+00 3.997578063017722627e+01
3.800000000000000266e+00 4.130102082672160435e+01
3.900000000000000355e+00 4.264203046689466703e+01
4.000000000000000000e+00 4.399872878447618518e+01
4.100000000000000533e+00 4.537099325661253602e+01
4.200000000000000178e+00 4.675865732400603036e+01
4.299999999999999822e+00 4.816150792192672725e+01
4.400000000000000355e+00 4.957928281445434493e+01
4.500000000000000000e+00 5.101166772551560058e+01
4.600000000000000533e+00 5.245829326158683159e+01
4.700000000000000178e+00 5.391873162238429984e+01
4.800000000000000711e+00 5.539249309746324457e+01
4.900000000000000355e+00 5.687902234838859528e+01
5.000000000000000000e+00 5.837769447802076428e+01
5.100000000000000533e+00 5.988781089047210315e+01
5.200000000000000178e+00 6.140859494742650071e+01
5.300000000000000711e+00 6.293918742876310546e+01
5.400000000000000355e+00 6.447864180777465037e+01
5.500000000000000000e+00 6.602591935370610088e+01
5.600000000000000533e+00 6.757988407684109688e+01
5.700000000000000178e+00 6.913929753391563793e+01
5.800000000000000711e+00 7.070281351421539284e+01
5.900000000000000355e+00 7.226897262929432486e+01
6.000000000000000000e+00 7.383619683180886284e+01
6.100000000000000533e+00 7.540278389146931204e+01
6.200000000000000178e+00 7.696690185853633182e+01
6.300000000000000711e+00 7.852658354760640691e+01
6.400000000000000355e+00 8.007972107660373240e+01
6.500000000000000000e+00 8.162406049789584017e+01
6.600000000000000533e+00 8.315719656024235462e+01
6.700000000000000178e+00 8.467656764184089013e+01
6.800000000000000711e+00 8.617945089601690256e+01
6.900000000000000355e+00 8.766295765208732860e+01
7.000000000000000000e+00 8.912402911458337940e+01
7.100000000000000533e+00 9.055943240431484753e+01
7.200000000000000178e+00 9.196575698468070925e+01
7.300000000000000711e+00 9.333941151615141507e+01
7.400000000000000355e+00 9.467662118095572055e+01
7.500000000000000000e+00 9.597342551868412386e+01
7.600000000000000533e+00 9.722567681176651888e+01
7.700000000000000178e+00 9.842903905758947758e+01
7.800000000000000711e+00 9.957898756139206853e+01
7.900000000000000355e+00 1.006708091810278205e+02
8.000000000000000000e+00 1.016996032512162600e+02
8.099999999999999645e+00 1.026602832110518619e+02
8.200000000000001066e+00 1.035475789543168617e+02
8.300000000000000711e+00 1.043560399175873386e+02
8.400000000000000355e+00 1.050800389162663322e+02
8.500000000000000000e+00 1.057137767335654530e+02
8.599999999999999645e+00 1.062512874621339449e+02
8.700000000000001066e+00 1.066864445925509983e+02
8.800000000000000711e+00 1.070129678373082243e+02
8.900000000000000355e+00 1.072244306732708736e+02
9.000000000000000000e+00 1.073142685799793981e+02
9.099999999999999645e+00 1.072757879455949279e+02
9.200000000000001066e+00 1.071021756068677604e+02
9.300000000000000711e+00 1.067865089842757413e+02
9.400000000000000355e+00 1.063217667684992875e+02
9.500000000000000000e+00 1.057008401097307200e+02
9.600000000000001421e+00 1.049165442570113953e+02
9.700000000000001066e+00 1.039616305909021463e+02
9.800000000000000711e+00 1.028287989893676837e+02
9.900000000000000355e+00 1.015107104638342150e+02
1.000000000000000000e+01 1.000000000000000000e+02
