t = 6.110000
x    u(x,t)
0.000000000000000000e+00 0.000000000000000000e+00
1.000000000000000056e-01 1.005369989065279412e+00
2.000000000000000111e-01 2.011381471510619079e+00
3.000000000000000444e-01 3.018674782365591724e+00
4.000000000000000222e-01 4.027887943313502639e+00
5.000000000000000000e-01 5.039655514343698073e+00
6.000000000000000888e-01 6.054607455223226076e+00
7.000000000000000666e-01 7.073367999777258497e+00
8.000000000000000444e-01 8.096554545727709495e+00
9.000000000000000222e-01 9.124776562543329916e+00
1.000000000000000000e+00 1.015863451940508710e+01
1.100000000000000089e+00 1.119871883499053844e+01
1.200000000000000178e+00 1.224560885033387692e+01
1.300000000000000044e+00 1.329987182552839187e+01
1.400000000000000133e+00 1.436206196050902939e+01
1.500000000000000000e+00 1.543271943958995251e+01
1.600000000000000089e+00 1.651236949883989524e+01
1.700000000000000178e+00 1.760152151476193438e+01
1.800000000000000044e+00 1.870066811211050606e+01
1.900000000000000133e+00 1.981028428803118757e+01
2.000000000000000000e+00 2.093082654905591156e+01
2.100000000000000089e+00 2.206273205683262617e+01
2.200000000000000178e+00 2.320641777782040549e+01
2.300000000000000266e+00 2.436227963154647469e+01
2.400000000000000355e+00 2.553069163140460418e+01
2.500000000000000000e+00 2.671200501138424954e+01
2.600000000000000089e+00 2.790654733156103617e+01
2.700000000000000178e+00 2.911462155465983415e+01
2.800000000000000266e+00 3.033650508552786818e+01
2.900000000000000355e+00 3.157244876493344066e+01
3.000000000000000000e+00 3.282267580874341206e+01
3.100000000000000089e+00 3.408738068323515336e+01
3.200000000000000178e+00 3.536672790707343239e+01
3.300000000000000266e+00 3.666085077033534390e+01
3.400000000000000355e+00 3.796984996090337461e+01
3.500000000000000000e+00 3.929379208857352523e+01
3.600000000000000089e+00 4.063270809734834188e+01
3.700000000000000178e+00 4.198659155660804032e+01
3.800000000000000266e+00 4.335539682218196589e+01
3.900000000000000355e+00 4.473903705878192483e+01
4.000000000000000000e+00 4.613738211581134863e+01
4.100000000000000533e+00 4.755025624923427330e+01
4.200000000000000178e+00 4.897743568297693173e+01
4.299999999999999822e+00 5.041864600424433718e+01
4.400000000000000355e+00 5.187355938816514112e+01
4.500000000000000000e+00 5.334179164833069109e+01
4.600000000000000533e+00 5.482289911106548175e+01
4.700000000000000178e+00 5.631637531265461405e+01
4.800000000000000711e+00 5.782164752025552446e+01
4.900000000000000355e+00 5.933807307882960203e+01
5.000000000000000000e+00 6.086493558813869953e+01
5.100000000000000533e+00 6.240144091565248630e+01
5.200000000000000178e+00 6.394671305309628906e+01
5.300000000000000711e+00 6.549978982632300983e+01
5.400000000000000355e+00 6.705961847020337530e+01
5.500000000000000000e+00 6.862505108228333484e+01
5.600000000000000533e+00 7.019483997103624517e+01
5.700000000000000178e+00 7.176763291662662425e+01
5.800000000000000711e+00 7.334196836417844167e+01
5.900000000000000355e+00 7.491627057158672187e+01
6.000000000000000000e+00 7.648884473590305788e+01
6.100000000000000533e+00 7.805787212424158383e+01
6.200000000000000178e+00 7.962140523696916716e+01
6.300000000000000711e+00 8.117736303263556863e+01
6.400000000000000355e+00 8.272352624564651080e+01
6.500000000000000000e+00 8.425753282905547792e+01
6.600000000000000533e+00 8.577687355603013941e+01
6.700000000000000178e+00 8.727888781450941735e+01
6.800000000000000711e+00 8.876075963028819160e+01
6.900000000000000355e+00 9.021951395422628650e+01
7.000000000000000000e+00 9.165201324945924455e+01
7.100000000000000533e+00 9.305495441437278714e+01
7.200000000000000178e+00 9.442486607667726162e+01
7.300000000000000711e+00 9.575810629317081180e+01
7.400000000000000355e+00 9.705086068870286908e+01
7.500000000000000000e+00 9.829914106643721539e+01
7.600000000000000533e+00 9.949878451976533711e+01
7.700000000000000178e+00 1.006454530741386293e+02
7.800000000000000711e+00 1.017346338846776206e+02
7.900000000000000355e+00 1.027616400126901084e+02
8.000000000000000000e+00 1.037216118011999839e+02
8.099999999999999645e+00 1.046095188662750957e+02
8.200000000000001066e+00 1.054201627173677167e+02
8.300000000000000711e+00 1.061481800160707962e+02
8.400000000000000355e+00 1.067880464786781829e+02
8.500000000000000000e+00 1.073340814237494811e+02
8.599999999999999645e+00 1.077804529615595897e+02
8.700000000000001066e+00 1.081211838178933959e+02
8.800000000000000711e+00 1.083501577801742854e+02
8.900000000000000355e+00 1.084611267494305764e+02
9.000000000000000000e+00 1.084477183771516025e+02
9.099999999999999645e+00 1.083034442617122153e+02
9.200000000000001066e+00 1.080217086747925492e+02
9.300000000000000711e+00 1.075958177841367274e+02
9.400000000000000355e+00 1.070189893351205512e+02
9.500000000000000000e+00 1.062843627499793513e+02
9.600000000000001421e+00 1.053850096002179271e+02
9.700000000000001066e+00 1.043139444047273940e+02
9.800000000000000711e+00 1.030641357034960919e+02
9.900000000000000355e+00 1.016285173545587384e+02
1.000000000000000000e+01 1.000000000000000000e+02
