t = 4.110000
x    u(x,t)
0.000000000000000000e+00 0.000000000000000000e+00
1.000000000000000056e-01 7.345765566817761272e-01
2.000000000000000111e-01 1.469940147267742914e+00
3.000000000000000444e-01 2.206875883844764186e+00
4.000000000000000222e-01 2.946165048622588323e+00
5.000000000000000000e-01 3.688583213209651213e+00
6.000000000000000888e-01 4.434898398446316392e+00
7.000000000000000666e-01 5.185869287489790480e+00
8.000000000000000444e-01 5.942243504153958078e+00
9.000000000000000222e-01 6.704755967663142968e+00
1.000000000000000000e+00 7.474127333993880740e+00
1.100000000000000089e+00 8.251062532867157628e+00
1.200000000000000178e+00 9.036249408231125102e+00
1.300000000000000044e+00 9.830357468757695116e+00
1.400000000000000133e+00 1.063403675348337885e+01
1.500000000000000000e+00 1.144791681627303603e+01
1.600000000000000089e+00 1.227260583129301708e+01
1.700000000000000178e+00 1.310868982016460826e+01
1.800000000000000044e+00 1.395673199994730318e+01
1.900000000000000133e+00 1.481727224958875944e+01
2.000000000000000000e+00 1.569082669099009308e+01
2.100000000000000089e+00 1.657788737938308188e+01
2.200000000000000178e+00 1.747892209631136140e+01
2.300000000000000266e+00 1.839437423716024256e+01
2.400000000000000355e+00 1.932466278389565772e+01
2.500000000000000000e+00 2.027018235245817479e+01
2.600000000000000089e+00 2.123130330311571612e+01
2.700000000000000178e+00 2.220837190101011416e+01
2.800000000000000266e+00 2.320171051313882415e+01
2.900000000000000355e+00 2.421161782709108934e+01
3.000000000000000000e+00 2.523836907600724189e+01
3.100000000000000089e+00 2.628221625344598422e+01
3.200000000000000178e+00 2.734338830112490371e+01
3.300000000000000266e+00 2.842209125184077578e+01
3.400000000000000355e+00 2.951850830927501690e+01
3.500000000000000000e+00 3.063279984584475812e+01
3.600000000000000089e+00 3.176510329927000242e+01
3.700000000000000178e+00 3.291553294809351371e+01
3.800000000000000266e+00 3.408417954601532784e+01
3.900000000000000355e+00 3.527110979459222051e+01
4.000000000000000000e+00 3.647636563361390927e+01
4.100000000000000533e+00 3.769996332830971397e+01
4.200000000000000178e+00 3.894189233247761450e+01
4.299999999999999822e+00 4.020211390667608953e+01
4.400000000000000355e+00 4.148055947079696182e+01
4.500000000000000000e+00 4.277712867066704661e+01
4.600000000000000533e+00 4.409168713882905877e+01
4.700000000000000178e+00 4.542406393035503953e+01
4.800000000000000711e+00 4.677404861547438486e+01
4.900000000000000355e+00 4.814138801198123474e+01
5.000000000000000000e+00 4.952578254185015538e+01
5.100000000000000533e+00 5.092688219826104756e+01
5.200000000000000178e+00 5.234428211134051168e+01
5.300000000000000711e+00 5.377751770338960569e+01
5.400000000000000355e+00 5.522605942720598904e+01
5.500000000000000000e+00 5.668930708433843080e+01
5.600000000000000533e+00 5.816658372374065777e+01
5.700000000000000178e+00 5.965712912532467982e+01
5.800000000000000711e+00 6.116009287734412680e+01
5.900000000000000355e+00 6.267452706135421892e+01
6.000000000000000000e+00 6.419937856367471340e+01
6.100000000000000533e+00 6.573348103779095197e+01
6.200000000000000178e+00 6.727554654792812983e+01
6.300000000000000711e+00 6.882415693006690560e+01
6.400000000000000355e+00 7.037775491287540319e+01
6.500000000000000000e+00 7.193463504733763614e+01
6.600000000000000533e+00 7.349293450017704288e+01
6.700000000000000178e+00 7.505062377241502247e+01
6.800000000000000711e+00 7.660549741046551731e+01
6.900000000000000355e+00 7.815516478294071590e+01
7.000000000000000000e+00 7.969704100171610150e+01
7.100000000000000533e+00 8.122833807066048450e+01
7.200000000000000178e+00 8.274605634965928402e+01
7.300000000000000711e+00 8.424697642503275574e+01
7.400000000000000355e+00 8.572765148005964875e+01
7.500000000000000000e+00 8.718440026096033080e+01
7.600000000000000533e+00 8.861330073426684351e+01
7.700000000000000178e+00 9.001018453093375626e+01
7.800000000000000711e+00 9.137063227074402505e+01
7.900000000000000355e+00 9.268996985749005546e+01
8.000000000000000000e+00 9.396326583102248264e+01
8.099999999999999645e+00 9.518532985654465506e+01
8.200000000000001066e+00 9.635071242449741646e+01
8.300000000000000711e+00 9.745370582605730192e+01
8.400000000000000355e+00 9.848834645971801649e+01
8.500000000000000000e+00 9.944841851371955954e+01
8.599999999999999645e+00 1.003274590573379612e+02
8.700000000000001066e+00 1.011187645613763948e+02
8.800000000000000711e+00 1.018153988547564950e+02
8.900000000000000355e+00 1.024102025100661137e+02
9.000000000000000000e+00 1.028958036364615083e+02
9.099999999999999645e+00 1.032646300436498592e+02
9.200000000000001066e+00 1.035089227260017140e+02
9.300000000000000711e+00 1.036207506013797115e+02
9.400000000000000355e+00 1.035920264252419400e+02
9.500000000000000000e+00 1.034145237871995562e+02
9.600000000000001421e+00 1.030798950846980517e+02
9.700000000000001066e+00 1.025796903570429066e+02
9.800000000000000711e+00 1.019053768527997192e+02
9.900000000000000355e+00 1.010483591948269861e+02
1.000000000000000000e+01 1.000000000000000000e+02
