t = 5.040000
x    u(x,t)
0.000000000000000000e+00 0.000000000000000000e+00
1.000000000000000056e-01 8.622900905092178991e-01
2.000000000000000111e-01 1.725290180911424498e+00
3.000000000000000444e-01 2.589708830349695567e+00
4.000000000000000222e-01 3.456251724023683636e+00
5.000000000000000000e-01 4.325620255008674420e+00
6.000000000000000888e-01 5.198510128343998282e+00
7.000000000000000666e-01 6.075609994351028220e+00
8.000000000000000444e-01 6.957600117750427415e+00
9.000000000000000222e-01 7.845151088667567940e+00
1.000000000000000000e+00 8.738922581049134664e+00
1.100000000000000089e+00 9.639562163368387004e+00
1.200000000000000178e+00 1.054770416577760983e+01
1.300000000000000044e+00 1.146396860708126297e+01
1.400000000000000133e+00 1.238896018405902133e+01
1.500000000000000000e+00 1.332326732477273978e+01
1.600000000000000089e+00 1.426746130655308953e+01
1.700000000000000178e+00 1.522209543838829937e+01
1.800000000000000044e+00 1.618770430643806790e+01
1.900000000000000133e+00 1.716480308037762015e+01
2.000000000000000000e+00 1.815388687724921724e+01
2.100000000000000089e+00 1.915543017846864871e+01
2.200000000000000178e+00 2.016988629461010163e+01
2.300000000000000266e+00 2.119768687158258658e+01
2.400000000000000355e+00 2.223924143082097160e+01
2.500000000000000000e+00 2.329493693515262720e+01
2.600000000000000089e+00 2.436513737107311783e+01
2.700000000000000178e+00 2.545018333727757565e+01
2.800000000000000266e+00 2.655039162845521972e+01
2.900000000000000355e+00 2.766605480256824734e+01
3.000000000000000000e+00 2.879744071911055769e+01
3.100000000000000089e+00 2.994479203518093158e+01
3.200000000000000178e+00 3.110832564561710356e+01
3.300000000000000266e+00 3.228823205292705723e+01
3.400000000000000355e+00 3.348467465232834428e+01
3.500000000000000000e+00 3.469778891687324318e+01
3.600000000000000089e+00 3.592768146740267099e+01
3.700000000000000178e+00 3.717442901194402083e+01
3.800000000000000266e+00 3.843807713915466451e+01
3.900000000000000355e+00 3.971863895052116789e+01
4.000000000000000000e+00 4.101609351626498068e+01
4.100000000000000533e+00 4.233038414028516883e+01
4.200000000000000178e+00 4.366141641999771394e+01
4.299999999999999822e+00 4.500905608761729582e+01
4.400000000000000355e+00 4.637312662028040222e+01
4.500000000000000000e+00 4.775340660743635368e+01
4.600000000000000533e+00 4.914962686514287071e+01
4.700000000000000178e+00 5.056146728830157144e+01
4.800000000000000711e+00 5.198855343346328794e+01
4.900000000000000355e+00 5.343045282662560425e+01
5.000000000000000000e+00 5.488667099243946268e+01
5.100000000000000533e+00 5.635664720343701362e+01
5.200000000000000178e+00 5.783974995028840027e+01
5.300000000000000711e+00 5.933527213668381250e+01
5.400000000000000355e+00 6.084242600521302080e+01
5.500000000000000000e+00 6.236033780356444822e+01
5.600000000000000533e+00 6.388804220347590501e+01
5.700000000000000178e+00 6.542447648812040484e+01
5.800000000000000711e+00 6.696847452697967640e+01
5.900000000000000355e+00 6.851876056071905907e+01
6.000000000000000000e+00 7.007394282210056247e+01
6.100000000000000533e+00 7.163250702251997382e+01
6.200000000000000178e+00 7.319280973729277662e+01
6.300000000000000711e+00 7.475307172629921126e+01
6.400000000000000355e+00 7.631137122998786992e+01
6.500000000000000000e+00 7.786563728398220974e+01
6.600000000000000533e+00 7.941364309858599313e+01
6.700000000000000178e+00 8.095299955229224054e+01
6.800000000000000711e+00 8.248114885091308679e+01
6.900000000000000355e+00 8.399535840611635251e+01
7.000000000000000000e+00 8.549271498892638022e+01
7.100000000000000533e+00 8.697011921507443333e+01
7.200000000000000178e+00 8.842428041992344845e+01
7.300000000000000711e+00 8.985171198099929768e+01
7.400000000000000355e+00 9.124872714590148348e+01
7.500000000000000000e+00 9.261143542250752603e+01
7.600000000000000533e+00 9.393573958690255665e+01
7.700000000000000178e+00 9.521733336234353828e+01
7.800000000000000711e+00 9.645169981979316276e+01
7.900000000000000355e+00 9.763411054713407111e+01
8.000000000000000000e+00 9.875962563010735096e+01
8.099999999999999645e+00 9.982309448332723889e+01
8.200000000000001066e+00 1.008191575644354998e+02
8.300000000000000711e+00 1.017422489986114442e+02
8.400000000000000355e+00 1.025866001342920413e+02
8.500000000000000000e+00 1.033462440441401213e+02
8.599999999999999645e+00 1.040150209780898507e+02
8.700000000000001066e+00 1.045865847677715692e+02
8.800000000000000711e+00 1.050544101738512950e+02
8.900000000000000355e+00 1.054118011599013869e+02
9.000000000000000000e+00 1.056519000684375555e+02
9.099999999999999645e+00 1.057676976668090560e+02
9.200000000000001066e+00 1.057520440228089171e+02
9.300000000000000711e+00 1.055976601622779611e+02
9.400000000000000355e+00 1.052971504537049725e+02
9.500000000000000000e+00 1.048430156579715913e+02
9.600000000000001421e+00 1.042276665750418800e+02
9.700000000000001066e+00 1.034434382136393538e+02
9.800000000000000711e+00 1.024826044048639346e+02
9.900000000000000355e+00 1.013373927763488069e+02
1.000000000000000000e+01 1.000000000000000000e+02
