t = 7.980000
x    u(x,t)
0.000000000000000000e+00 0.000000000000000000e+00
1.000000000000000056e-01 1.247568271997435918e+00
2.000000000000000111e-01 2.495677527112520000e+00
3.000000000000000444e-01 3.744867697520034788e+00
4.000000000000000222e-01 4.995676613033189106e+00
5.000000000000000000e-01 6.248638948709078100e+00
6.000000000000000888e-01 7.504285170930323545e+00
7.000000000000000666e-01 8.763140481343707933e+00
8.000000000000000444e-01 1.002572375794299475e+01
9.000000000000000222e-01 1.129254649246832010e+01
1.000000000000000000e+00 1.256411172316003011e+01
1.100000000000000089e+00 1.384091296175238028e+01
1.200000000000000178e+00 1.512343311342378449e+01
1.300000000000000044e+00 1.641214338823814600e+01
1.400000000000000133e+00 1.770750220241791340e+01
1.500000000000000000e+00 1.900995406758730510e+01
1.600000000000000089e+00 2.031992846591596091e+01
1.700000000000000178e+00 2.163783870888233452e+01
1.800000000000000044e+00 2.296408077716608531e+01
1.900000000000000133e+00 2.429903213897175007e+01
2.000000000000000000e+00 2.564305054388718119e+01
2.100000000000000089e+00 2.699647278919166382e+01
2.200000000000000178e+00 2.835961345535462286e+01
2.300000000000000266e+00 2.973276360731026102e+01
2.400000000000000355e+00 3.111618945795897773e+01
2.500000000000000000e+00 3.251013099023783326e+01
2.600000000000000089e+00 3.391480053402213457e+01
2.700000000000000178e+00 3.533038129407272976e+01
2.800000000000000266e+00 3.675702582523134510e+01
2.900000000000000355e+00 3.819485445109278743e+01
3.000000000000000000e+00 3.964395362245141285e+01
3.100000000000000089e+00 4.110437421193161356e+01
3.200000000000000178e+00 4.257612974137189354e+01
3.300000000000000266e+00 4.405919453874047775e+01
3.400000000000000355e+00 4.555350182161950556e+01
3.500000000000000000e+00 4.705894170460663872e+01
3.600000000000000089e+00 4.857535912834701008e+01
3.700000000000000178e+00 5.010255170832753890e+01
3.800000000000000266e+00 5.164026750203767335e+01
3.900000000000000355e+00 5.318820269362649356e+01
4.000000000000000000e+00 5.474599919576446894e+01
4.100000000000000533e+00 5.631324216904843638e+01
4.200000000000000178e+00 5.788945745996688430e+01
4.299999999999999822e+00 5.947410895916858209e+01
4.400000000000000355e+00 6.106659588254637328e+01
4.500000000000000000e+00 6.266624997845747203e+01
4.600000000000000533e+00 6.427233266524599742e+01
4.700000000000000178e+00 6.588403210410841382e+01
4.800000000000000711e+00 6.750046021324328649e+01
4.900000000000000355e+00 6.912064963014647390e+01
5.000000000000000000e+00 7.074355062984524523e+01
5.100000000000000533e+00 7.236802800780277778e+01
5.200000000000000178e+00 7.399285793716175874e+01
5.300000000000000711e+00 7.561672481092205089e+01
5.400000000000000355e+00 7.723821808055772919e+01
5.500000000000000000e+00 7.885582910346147401e+01
5.600000000000000533e+00 8.046794801245313522e+01
5.700000000000000178e+00 8.207286062139461080e+01
5.800000000000000711e+00 8.366874538170512210e+01
5.900000000000000355e+00 8.525367040526218432e+01
6.000000000000000000e+00 8.682559056979494017e+01
6.100000000000000533e+00 8.838234472341765979e+01
6.200000000000000178e+00 8.992165300540750650e+01
6.300000000000000711e+00 9.144111430068927859e+01
6.400000000000000355e+00 9.293820384574864590e+01
6.500000000000000000e+00 9.441027100384238224e+01
6.600000000000000533e+00 9.585453722740743387e+01
6.700000000000000178e+00 9.726809422548187456e+01
6.800000000000000711e+00 9.864790235373671123e+01
6.900000000000000355e+00 9.999078924437367277e+01
7.000000000000000000e+00 1.012934486926693012e+02
7.100000000000000533e+00 1.025524398163353936e+02
7.200000000000000178e+00 1.037641865031246340e+02
7.300000000000000711e+00 1.049249771612306574e+02
7.400000000000000355e+00 1.060309647860267575e+02
7.500000000000000000e+00 1.070781673555487998e+02
7.600000000000000533e+00 1.080624685658687838e+02
7.700000000000000178e+00 1.089796189161268671e+02
7.800000000000000711e+00 1.098252371514992802e+02
7.900000000000000355e+00 1.105948120707876683e+02
8.000000000000000000e+00 1.112837047036276346e+02
8.099999999999999645e+00 1.118871508605445086e+02
8.200000000000001066e+00 1.124002640572420972e+02
8.300000000000000711e+00 1.128180388126080089e+02
8.400000000000000355e+00 1.131353543179711068e+02
8.500000000000000000e+00 1.133469784731650805e+02
8.599999999999999645e+00 1.134475722829543400e+02
8.700000000000001066e+00 1.134316946053764639e+02
8.800000000000000711e+00 1.132938072415664834e+02
8.900000000000000355e+00 1.130282803546674728e+02
9.000000000000000000e+00 1.126293982035152084e+02
9.099999999999999645e+00 1.120913651749266222e+02
9.200000000000001066e+00 1.114083120966387668e+02
9.300000000000000711e+00 1.105743028112518402e+02
9.400000000000000355e+00 1.095833409899382502e+02
9.500000000000000000e+00 1.084293771632076187e+02
9.600000000000001421e+00 1.071063159446734545e+02
9.700000000000001066e+00 1.056080234225648269e+02
9.800000000000000711e+00 1.039283346926754064e+02
9.900000000000000355e+00 1.020610615055515211e+02
1.000000000000000000e+01 1.000000000000000000e+02
