t = 0.440000
x    u(x,t)
0.000000000000000000e+00 0.000000000000000000e+00
1.000000000000000056e-01 1.500546706110306716e-01
2.000000000000000111e-01 3.025147795887079272e-01
3.000000000000000444e-01 4.597308170815150308e-01
4.000000000000000222e-01 6.239471686003322803e-01
5.000000000000000000e-01 7.972581031515659777e-01
6.000000000000000888e-01 9.815734522230925574e-01
7.000000000000000666e-01 1.178595480210271607e+00
8.000000000000000444e-01 1.389807320239391464e+00
9.000000000000000222e-01 1.616472299457570205e+00
1.000000000000000000e+00 1.859642633617218266e+00
1.100000000000000089e+00 2.120175413096761829e+00
1.200000000000000178e+00 2.398753557027219596e+00
1.300000000000000044e+00 2.695909453941444767e+00
1.400000000000000133e+00 3.012049274160579770e+00
1.500000000000000000e+00 3.347476349495151826e+00
1.600000000000000089e+00 3.702412486573233963e+00
1.700000000000000178e+00 4.077016540121113586e+00
1.800000000000000044e+00 4.471399970968893633e+00
1.900000000000000133e+00 4.885639422203885474e+00
2.000000000000000000e+00 5.319786557873646515e+00
2.100000000000000089e+00 5.773875529356219616e+00
2.200000000000000178e+00 6.247928481618502339e+00
2.300000000000000266e+00 6.741959505404796715e+00
2.400000000000000355e+00 7.255977401714673647e+00
2.500000000000000000e+00 7.789987568360831283e+00
2.600000000000000089e+00 8.343993257271904440e+00
2.700000000000000178e+00 8.917996393541567812e+00
2.800000000000000266e+00 9.511998097383669304e+00
2.900000000000000355e+00 1.012599900976960754e+01
3.000000000000000000e+00 1.075999949145656664e+01
3.100000000000000089e+00 1.141399974223706337e+01
3.200000000000000178e+00 1.208799987102402440e+01
3.300000000000000266e+00 1.278199993627798925e+01
3.400000000000000355e+00 1.349599996890722053e+01
3.500000000000000000e+00 1.422999998501293639e+01
3.600000000000000089e+00 1.498399999286231576e+01
3.700000000000000178e+00 1.575799999664046602e+01
3.800000000000000266e+00 1.655199999843693348e+01
3.900000000000000355e+00 1.736599999928096594e+01
4.000000000000000000e+00 1.819999999967290094e+01
4.100000000000000533e+00 1.905399999985282378e+01
4.200000000000000178e+00 1.992799999993449589e+01
4.299999999999999822e+00 2.082199999997116535e+01
4.400000000000000355e+00 2.173599999998745957e+01
4.500000000000000000e+00 2.266999999999461579e+01
4.600000000000000533e+00 2.362399999999771438e+01
4.700000000000000178e+00 2.459799999999902553e+01
4.800000000000000711e+00 2.559199999999951558e+01
4.900000000000000355e+00 2.660599999999955756e+01
5.000000000000000000e+00 2.763999999999919766e+01
5.100000000000000533e+00 2.869399999999813389e+01
5.200000000000000178e+00 2.976799999999549229e+01
5.300000000000000711e+00 3.086199999998921584e+01
5.400000000000000355e+00 3.197599999997446929e+01
5.500000000000000000e+00 3.310999999994023568e+01
5.600000000000000533e+00 3.426399999986152523e+01
5.700000000000000178e+00 3.543799999968240400e+01
5.800000000000000711e+00 3.663199999927908834e+01
5.900000000000000355e+00 3.784599999838074069e+01
6.000000000000000000e+00 3.907999999640164646e+01
6.100000000000000533e+00 4.033399999209037645e+01
6.200000000000000178e+00 4.160799998280596412e+01
6.300000000000000711e+00 4.290199996304485808e+01
6.400000000000000355e+00 4.421599992148524194e+01
6.500000000000000000e+00 4.554999983514217377e+01
6.600000000000000533e+00 4.690399965797924864e+01
6.700000000000000178e+00 4.827799929905766874e+01
6.800000000000000711e+00 4.967199858126407008e+01
6.900000000000000355e+00 5.108599716460756213e+01
7.000000000000000000e+00 5.251999440602222080e+01
7.100000000000000533e+00 5.397398910746567680e+01
7.200000000000000178e+00 5.544797907122033109e+01
7.300000000000000711e+00 5.694196032895717963e+01
7.400000000000000355e+00 5.845592582999091036e+01
7.500000000000000000e+00 5.998986325196916880e+01
7.600000000000000533e+00 6.154375141886141876e+01
7.700000000000000178e+00 6.311755455945272786e+01
7.800000000000000711e+00 6.471121329780342535e+01
7.900000000000000355e+00 6.632463082291826595e+01
8.000000000000000000e+00 6.795765213660996551e+01
8.099999999999999645e+00 6.961003364424256290e+01
8.200000000000001066e+00 7.128139968065768528e+01
8.300000000000000711e+00 7.297118194133207680e+01
8.400000000000000355e+00 7.467853735230536927e+01
8.500000000000000000e+00 7.640223984444645566e+01
8.599999999999999645e+00 7.814054201576615810e+01
8.700000000000001066e+00 7.989100399335571012e+01
8.800000000000000711e+00 8.165028912729920307e+01
8.900000000000000355e+00 8.341392954406413196e+01
9.000000000000000000e+00 8.517606896978912800e+01
9.099999999999999645e+00 8.692919529403296508e+01
9.200000000000001066e+00 8.866388052263303621e+01
9.300000000000000711e+00 9.036855028231269671e+01
9.400000000000000355e+00 9.202930797445371525e+01
9.500000000000000000e+00 9.362983913466695185e+01
9.600000000000001421e+00 9.515141885460344895e+01
9.700000000000001066e+00 9.657303898789648144e+01
9.800000000000000711e+00 9.787166257547563930e+01
9.900000000000000355e+00 9.902260137672125495e+01
1.000000000000000000e+01 1.000000000000000000e+02
