t = 6.670000
x    u(x,t)
0.000000000000000000e+00 0.000000000000000000e+00
1.000000000000000056e-01 1.078885972901649781e+00
2.000000000000000111e-01 2.158382113328511043e+00
3.000000000000000444e-01 3.239097502080544810e+00
4.000000000000000222e-01 4.321639048340149003e+00
5.000000000000000000e-01 5.406610408397836132e+00
6.000000000000000888e-01 6.494610909685573752e+00
7.000000000000000666e-01 7.586234481665526275e+00
8.000000000000000444e-01 8.682068594934724715e+00
9.000000000000000222e-01 9.782693209675267454e+00
1.000000000000000000e+00 1.088867973430748748e+01
1.100000000000000089e+00 1.200058999489228917e+01
1.200000000000000178e+00 1.311897521548155154e+01
1.300000000000000044e+00 1.424437500923569289e+01
1.400000000000000133e+00 1.537731637971807785e+01
1.500000000000000000e+00 1.651831273134195044e+01
1.600000000000000089e+00 1.766786288749010581e+01
1.700000000000000178e+00 1.882645011435576521e+01
1.800000000000000044e+00 1.999454114806998462e+01
1.900000000000000133e+00 2.117258522219072603e+01
2.000000000000000000e+00 2.236101309213731270e+01
2.100000000000000089e+00 2.356023605266679866e+01
2.200000000000000178e+00 2.477064494401040662e+01
2.300000000000000266e+00 2.599260914182599080e+01
2.400000000000000355e+00 2.722647552568007612e+01
2.500000000000000000e+00 2.847256742035833454e+01
2.600000000000000089e+00 2.973118350392063292e+01
2.700000000000000178e+00 3.100259667607263125e+01
2.800000000000000266e+00 3.228705288012626085e+01
2.900000000000000355e+00 3.358476987157087024e+01
3.000000000000000000e+00 3.489593592608264316e+01
3.100000000000000089e+00 3.622070847966593732e+01
3.200000000000000178e+00 3.755921269355295777e+01
3.300000000000000266e+00 3.891153993649164278e+01
3.400000000000000355e+00 4.027774617713060934e+01
3.500000000000000000e+00 4.165785027937015883e+01
3.600000000000000089e+00 4.305183219379107840e+01
3.700000000000000178e+00 4.445963103860440668e+01
3.800000000000000266e+00 4.588114306398674813e+01
3.900000000000000355e+00 4.731621949417923645e+01
4.000000000000000000e+00 4.876466424233753827e+01
4.100000000000000533e+00 5.022623149382385321e+01
4.200000000000000178e+00 5.170062315443193057e+01
4.299999999999999822e+00 5.318748616093123616e+01
4.400000000000000355e+00 5.468640965230414253e+01
4.500000000000000000e+00 5.619692200113084368e+01
4.600000000000000533e+00 5.771848770574380438e+01
4.700000000000000178e+00 5.925050414502403839e+01
4.800000000000000711e+00 6.079229819904136178e+01
4.900000000000000355e+00 6.234312274013954891e+01
5.000000000000000000e+00 6.390215300053167624e+01
5.100000000000000533e+00 6.546848282398775609e+01
5.200000000000000178e+00 6.704112081076014817e+01
5.300000000000000711e+00 6.861898636648705008e+01
5.400000000000000355e+00 7.020090566743193961e+01
5.500000000000000000e+00 7.178560755604084420e+01
5.600000000000000533e+00 7.337171938241850455e+01
5.700000000000000178e+00 7.495776280892170007e+01
5.800000000000000711e+00 7.654214959662786555e+01
5.900000000000000355e+00 7.812317739394457305e+01
6.000000000000000000e+00 7.969902554906143166e+01
6.100000000000000533e+00 8.126775096929507924e+01
6.200000000000000178e+00 8.282728405162258412e+01
6.300000000000000711e+00 8.437542470981927067e+01
6.400000000000000355e+00 8.590983852460031756e+01
6.500000000000000000e+00 8.742805304399156796e+01
6.600000000000000533e+00 8.892745426180947277e+01
6.700000000000000178e+00 9.040528330259776624e+01
6.800000000000000711e+00 9.185863334163447291e+01
6.900000000000000355e+00 9.328444678867609241e+01
7.000000000000000000e+00 9.467951276393402793e+01
7.100000000000000533e+00 9.604046489437290290e+01
7.200000000000000178e+00 9.736377945777357468e+01
7.300000000000000711e+00 9.864577390111193722e+01
7.400000000000000355e+00 9.988260575866240742e+01
7.500000000000000000e+00 1.010702719938454237e+02
7.600000000000000533e+00 1.022046087872016500e+02
7.700000000000000178e+00 1.032812917909970594e+02
7.800000000000000711e+00 1.042958368688518078e+02
7.900000000000000355e+00 1.052436013364512633e+02
8.000000000000000000e+00 1.061197857168528742e+02
8.099999999999999645e+00 1.069194360211654242e+02
8.200000000000001066e+00 1.076374465624644472e+02
8.300000000000000711e+00 1.082685633077409761e+02
8.400000000000000355e+00 1.088073877694844924e+02
8.500000000000000000e+00 1.092483814351989935e+02
8.599999999999999645e+00 1.095858707297716848e+02
8.700000000000001066e+00 1.098140525021869109e+02
8.800000000000000711e+00 1.099270000246306580e+02
8.900000000000000355e+00 1.099186694885972173e+02
9.000000000000000000e+00 1.097829069792208259e+02
9.099999999999999645e+00 1.095134559057401447e+02
9.200000000000001066e+00 1.091039648627992165e+02
9.300000000000000711e+00 1.085479958942204775e+02
9.400000000000000355e+00 1.078390331279880314e+02
9.500000000000000000e+00 1.069704917484791906e+02
9.600000000000001421e+00 1.059357272695078933e+02
9.700000000000001066e+00 1.047280450695191263e+02
9.800000000000000711e+00 1.033407101483214348e+02
9.900000000000000355e+00 1.017669570630869202e+02
1.000000000000000000e+01 1.000000000000000000e+02
